100 611
0 11 12 12 8
0 4 17 9 8
0 63 18 14 6
0 57 8 7 5
0 42 15 13 4
0 39 18 13 10
0 68 18 11 10
0 6 13 10 3
0 48 12 6 3
0 61 14 11 7
0 96 16 12 8
0 14 19 3 2
0 82 14 11 1
0 66 8 8 5
0 19 13 12 5
0 43 14 10 10
0 85 18 15 7
0 64 14 8 3
0 87 19 10 7
0 72 14 5 2
0 25 19 15 10
0 97 12 11 8
0 56 18 13 10
0 37 12 8 1
0 94 17 13 10
0 53 10 10 10
0 7 20 15 5
0 55 19 14 10
0 21 18 15 9
0 15 15 7 5
0 76 15 13 9
0 35 4 4 3
0 12 20 13 10
0 50 13 6 3
0 29 16 8 8
0 20 19 13 2
0 22 20 11 1
0 9 15 14 10
0 69 20 7 4
0 13 20 10 4
0 8 13 7 3
0 17 5 4 3
0 45 20 12 5
0 74 17 12 2
0 77 19 5 1
0 90 6 4 2
0 33 16 12 10
0 78 14 11 3
0 47 20 12 9
0 49 15 15 2
0 41 16 15 8
0 2 8 2 1
0 52 16 12 3
0 3 19 11 1
0 51 12 9 6
0 54 10 6 3
0 59 13 6 6
0 71 12 11 7
0 73 16 6 2
0 84 14 5 3
0 65 7 6 3
0 28 20 7 6
0 40 15 12 3
0 86 20 15 9
1 63 15 11 3
1 2 14 12 7
1 59 17 11 9
1 33 10 5 5
1 43 10 10 6
1 37 9 9 5
1 25 14 6 5
1 62 17 7 4
1 83 18 13 10
1 54 15 14 8
1 89 16 13 5
1 95 4 4 2
1 78 10 3 2
1 40 13 2 2
1 67 16 14 6
1 14 19 12 9
1 82 15 9 1
1 91 18 15 8
1 4 13 11 10
1 52 7 3 2
1 77 18 15 8
1 58 18 5 2
1 48 11 9 1
1 84 12 9 1
1 76 18 12 10
1 85 16 8 6
1 38 15 9 8
1 56 16 6 1
1 16 12 12 9
1 5 10 10 3
1 6 7 3 3
1 18 3 2 1
1 97 15 12 8
1 13 15 6 4
1 64 18 10 2
1 70 16 12 6
1 66 19 11 10
1 86 16 15 8
1 44 15 13 7
1 87 16 15 2
1 93 9 2 1
1 21 16 13 3
1 7 15 9 6
1 55 11 8 7
1 90 12 9 3
1 34 19 13 9
1 10 17 14 9
1 79 18 13 9
1 36 18 13 10
1 9 4 4 3
1 81 17 12 7
1 53 13 11 8
1 72 13 4 4
1 73 13 11 1
1 22 13 12 10
1 98 17 13 10
1 28 15 10 9
1 45 4 1 1
1 57 19 13 10
1 30 12 6 1
1 39 18 11 10
1 75 16 11 7
1 71 5 5 4
1 17 11 9 2
1 46 17 9 5
1 60 19 10 9
1 20 20 11 7
1 47 6 5 4
1 32 20 14 9
1 88 13 8 6
1 24 17 15 8
1 74 18 15 5
1 19 8 2 2
1 29 15 14 1
1 96 16 10 7
1 99 12 5 2
2 81 12 3 1
2 55 19 14 10
2 93 19 12 3
2 38 20 15 10
2 91 20 13 5
2 79 15 10 6
2 7 20 13 2
2 29 18 11 8
2 68 20 14 9
2 74 14 8 3
2 62 14 10 9
2 63 16 5 3
2 85 17 13 9
2 97 18 9 9
2 18 9 6 6
2 34 16 15 10
2 76 7 7 7
2 43 20 13 7
2 58 13 13 5
2 17 16 15 6
2 56 16 14 10
2 12 8 8 8
2 4 14 11 1
2 71 16 10 4
2 99 19 10 8
2 14 17 11 10
2 47 11 3 1
2 57 12 11 7
2 37 14 8 2
2 3 17 8 6
2 87 10 7 3
2 24 19 5 3
2 66 11 10 10
2 42 19 11 10
2 36 9 7 4
2 9 12 11 9
2 86 19 11 2
2 6 10 8 6
2 30 13 9 1
2 60 19 11 9
2 82 17 13 6
2 88 20 14 4
2 19 17 9 8
2 35 17 14 10
2 15 13 11 2
2 33 12 9 6
2 44 10 8 7
2 90 20 11 2
2 94 14 6 2
2 5 19 13 10
2 61 7 5 4
2 69 16 12 1
2 26 16 15 7
2 20 17 3 1
2 89 11 11 9
3 52 17 10 5
3 72 14 14 3
3 73 16 7 7
3 42 14 4 4
3 64 16 14 3
3 71 20 15 4
3 32 19 3 2
3 83 8 2 2
3 5 18 12 1
3 23 18 11 7
3 7 11 11 5
3 21 8 7 6
3 10 17 6 2
3 13 16 13 4
3 77 14 14 5
3 44 16 12 1
3 33 20 4 4
3 68 19 12 8
3 6 10 10 4
3 43 15 7 6
3 54 12 8 7
3 39 20 12 10
3 38 15 15 4
3 14 11 3 3
3 90 17 15 1
3 30 9 8 2
3 46 17 14 2
3 62 18 14 2
3 66 6 4 2
3 36 13 12 9
3 80 20 14 3
3 49 15 15 5
3 69 12 12 4
3 67 20 4 4
3 22 15 15 2
3 18 11 10 1
3 95 16 13 6
3 12 20 7 5
3 61 15 12 10
3 47 16 8 6
3 89 18 14 7
3 56 13 10 5
3 63 12 12 3
3 48 18 3 2
3 86 12 7 4
3 93 20 11 7
3 85 17 15 5
3 11 18 15 8
3 79 6 5 3
3 99 18 11 5
3 78 16 9 3
3 55 17 8 1
3 50 20 11 8
3 91 10 10 5
3 45 14 12 4
3 24 15 9 8
3 98 5 5 2
3 17 15 12 1
3 20 19 15 10
3 57 15 13 6
3 29 19 8 3
3 82 12 12 10
3 59 14 11 10
3 16 14 12 10
3 92 20 9 3
3 34 19 3 3
3 25 10 1 1
3 76 14 10 9
3 74 18 14 4
3 15 16 11 6
4 99 19 15 1
4 68 17 12 10
4 72 13 8 3
4 86 18 9 6
4 18 13 8 5
4 8 15 8 8
4 30 12 12 7
4 19 10 9 5
4 70 14 14 6
4 16 16 15 3
4 58 11 11 3
4 35 18 15 8
4 89 6 5 5
4 9 16 15 7
4 81 13 1 1
4 32 10 9 8
4 29 5 5 3
4 22 15 12 10
4 95 16 12 5
4 75 15 15 8
4 46 19 14 7
4 38 11 11 7
4 23 19 15 7
4 13 17 11 6
4 62 15 11 9
4 50 15 3 2
4 47 3 3 1
4 21 18 13 10
4 66 15 12 7
4 14 9 9 6
4 33 19 14 2
4 67 19 15 10
4 71 18 14 6
4 34 13 12 3
4 87 19 9 3
4 51 20 3 3
4 60 14 14 9
4 85 20 3 1
4 37 20 12 5
4 24 15 15 7
4 63 20 12 9
4 12 13 6 6
4 42 13 4 2
4 76 8 8 5
4 44 17 12 10
4 25 18 11 10
4 43 17 7 4
4 92 7 7 7
4 64 13 11 3
4 10 19 15 5
4 61 20 12 9
4 31 16 15 7
4 84 16 15 5
4 7 15 9 8
4 36 7 6 6
4 96 11 10 7
4 5 6 6 3
4 40 13 9 2
4 65 10 6 3
4 27 16 15 5
4 88 20 8 1
4 11 6 6 5
4 59 20 9 6
4 80 15 4 2
4 77 14 13 7
4 94 20 14 8
4 28 15 15 10
4 54 17 9 7
4 73 18 9 2
4 56 19 12 8
4 74 10 9 5
4 45 15 14 9
4 57 11 11 5
4 26 17 10 9
4 69 17 10 2
4 97 12 12 7
4 83 10 10 9
4 55 7 2 1
4 48 8 7 5
4 20 9 7 2
4 53 17 11 5
4 15 3 2 2
4 39 16 10 6
4 91 13 13 10
4 79 18 7 2
4 98 13 12 5
4 17 15 15 8
4 93 14 9 2
4 90 17 10 4
4 6 12 10 10
5 83 11 10 10
5 54 18 9 4
5 38 20 13 9
5 95 16 14 7
5 47 10 9 6
5 28 18 15 7
5 6 20 15 10
5 13 4 1 1
5 91 12 9 8
5 36 20 12 6
5 58 15 8 2
5 69 18 11 4
5 67 18 13 1
5 75 13 12 4
5 40 10 6 4
5 63 11 7 3
5 26 17 10 1
5 79 20 9 2
5 94 7 5 4
5 15 15 10 8
5 90 16 2 1
5 55 8 6 5
5 86 20 7 5
5 53 16 14 2
5 30 4 2 2
5 22 20 13 4
5 50 13 9 5
5 32 18 8 8
5 96 13 10 7
5 56 19 15 3
5 77 18 14 6
5 24 17 11 10
5 80 18 14 2
5 42 9 1 1
5 14 15 12 6
5 74 11 6 2
5 46 8 3 1
5 44 12 11 1
5 88 12 8 5
5 82 16 12 2
5 23 19 7 6
5 72 10 6 2
5 85 16 10 1
5 78 20 13 5
5 20 16 14 8
5 87 15 8 6
5 43 16 15 10
5 92 12 11 3
5 16 19 10 5
5 19 8 7 6
5 8 14 5 4
5 39 18 14 7
5 73 19 13 7
5 34 16 11 9
5 9 9 5 2
5 49 15 12 4
5 98 13 2 2
5 25 20 11 8
5 71 16 12 8
5 70 14 12 8
5 61 10 8 8
5 10 8 3 3
5 65 17 9 4
5 12 15 11 10
5 17 19 15 4
5 52 15 15 9
5 7 19 13 9
5 29 15 10 1
5 68 8 8 6
5 84 19 15 2
5 81 19 13 8
5 59 16 15 10
5 11 15 13 5
5 97 10 7 1
5 93 18 9 2
5 21 16 10 5
5 57 10 7 7
5 89 18 5 5
5 33 16 12 6
5 27 14 10 5
5 76 17 15 5
5 31 19 12 10
5 35 8 8 6
5 99 18 11 10
5 41 17 13 8
5 48 9 9 4
5 64 19 10 9
5 60 19 8 7
5 62 13 12 4
5 18 18 14 3
6 65 14 13 8
6 50 20 10 7
6 80 16 13 9
6 10 11 11 10
6 48 16 9 9
6 51 13 6 2
6 30 18 11 10
6 57 5 5 2
6 36 6 3 1
6 59 19 7 5
6 27 15 12 9
6 46 18 8 3
6 23 19 10 9
6 93 16 6 4
6 43 12 6 5
6 25 17 10 1
6 77 18 10 9
6 83 11 7 6
6 81 17 15 10
6 55 14 7 1
6 68 11 6 2
6 56 17 14 8
6 18 15 8 3
6 88 15 4 1
6 45 18 13 10
6 38 9 9 9
6 37 15 13 8
6 47 17 4 3
6 13 16 10 9
6 12 20 13 10
6 53 18 14 6
6 24 15 10 6
6 34 15 11 3
6 63 17 14 7
6 20 17 15 10
6 96 16 14 5
6 32 11 3 2
6 62 18 10 2
6 72 15 10 6
6 84 14 13 9
6 14 16 2 2
6 64 19 11 9
6 39 17 14 9
6 99 10 5 3
6 66 9 1 1
6 91 17 14 5
6 86 18 14 8
6 7 17 12 8
7 44 12 11 2
7 79 19 9 2
7 98 11 11 9
7 28 18 14 2
7 25 9 6 3
7 54 9 1 1
7 55 17 9 6
7 87 17 15 9
7 90 19 12 6
7 59 19 10 10
7 96 12 12 10
7 88 18 12 6
7 13 8 4 1
7 72 12 9 7
7 37 14 11 9
7 20 13 8 8
7 53 15 9 8
7 86 16 10 2
7 47 9 9 3
7 89 16 11 6
7 38 18 15 9
7 22 16 7 5
7 33 19 11 1
7 35 15 10 2
7 51 19 13 4
7 80 18 12 7
7 19 11 11 6
7 82 18 14 4
7 95 12 11 10
7 32 13 10 1
7 29 16 13 1
7 14 18 10 6
7 60 13 12 6
7 45 15 14 6
7 31 17 13 10
7 85 8 8 4
7 18 11 11 1
7 61 12 10 9
7 52 16 14 9
7 24 17 14 10
7 27 14 4 3
7 41 19 14 8
7 69 18 13 6
7 34 16 13 7
7 84 13 11 5
7 97 19 13 10
7 21 18 11 9
7 17 17 13 4
7 78 20 14 8
7 39 16 13 10
7 42 15 10 4
7 75 13 11 8
8 12 9 3 2
8 37 18 13 7
8 14 16 15 10
8 62 19 14 2
8 94 14 11 5
8 74 19 12 4
8 48 7 5 5
8 83 19 9 8
8 52 12 4 3
8 39 14 10 6
8 24 17 13 3
8 71 20 4 2
8 77 17 12 8
8 16 17 13 7
8 18 13 13 9
8 59 15 10 1
8 96 11 7 4
8 33 17 10 2
8 81 11 11 6
8 23 19 7 5
8 21 13 13 10
8 40 12 6 3
8 55 19 15 8
8 43 14 6 5
8 69 8 7 5
8 58 9 9 8
8 30 20 11 3
8 73 17 12 9
8 25 18 13 9
8 22 16 15 5
8 87 18 10 7
8 79 14 12 10
8 82 17 14 9
8 95 18 8 1
8 49 13 13 5
8 66 18 15 4
8 46 14 8 7
8 67 19 10 9
8 68 20 8 8
8 97 17 13 6
8 60 8 4 2
8 86 18 4 2
8 99 14 13 8
8 53 17 10 1
8 35 8 7 4
8 13 10 9 6
8 45 17 11 8
8 72 17 15 6
8 64 18 15 8
8 56 17 10 10
8 10 11 11 8
8 32 16 10 9
8 88 16 8 2
8 57 20 13 10
8 85 20 10 5
8 41 20 13 7
8 44 14 14 10
8 89 19 12 10
8 36 19 7 4
8 61 16 10 2
8 76 17 15 6
8 19 19 5 1
8 84 13 7 4
8 80 19 15 4
8 63 20 15 8
8 51 16 15 1
5
208
183
318
290
157
129
246
324
42
49
205
114
121
211
214
213
194
88
62
129
196
67
131
129
313
59
106
100
34
153
329
307
241
271
241
232
164
71
391
125
105
87
313
82
331
185
141
50
70
257
312
347
385
353
105
169
142
36
155
234
37
244
277
149
399
106
297
119
124
148
189
216
27
386
126
233
285
346
372
246
45
376
211
43
105
17
52
179
224
184
8
274
154
18
67
22
221
80
149
