100 4950
1 2 7 6 3
1 3 8 5 3
1 4 7 5 3
1 5 9 5 3
1 6 8 6 3
1 7 8 6 2
1 8 8 6 3
1 9 7 4 1
1 10 7 4 1
1 11 7 6 3
1 12 9 4 2
1 13 9 6 3
1 14 9 6 1
1 15 9 4 3
1 16 9 5 2
1 17 8 4 1
1 18 7 5 2
1 19 8 6 1
1 20 8 5 3
1 21 7 4 2
1 22 7 5 3
1 23 9 5 3
1 24 9 6 1
1 25 7 6 2
1 26 7 6 2
1 27 7 4 3
1 28 8 6 3
1 29 9 6 3
1 30 7 5 2
1 31 7 5 3
1 32 7 4 2
1 33 9 6 3
1 34 9 5 3
1 35 8 6 2
1 36 9 6 1
1 37 7 4 3
1 38 8 5 1
1 39 8 4 3
1 40 8 4 2
1 41 9 6 3
1 42 9 5 3
1 43 9 5 1
1 44 9 5 1
1 45 9 4 3
1 46 9 6 1
1 47 9 6 2
1 48 9 5 1
1 49 7 6 2
1 50 9 5 3
1 51 9 5 1
1 52 9 6 2
1 53 7 6 1
1 54 8 5 3
1 55 8 4 3
1 56 9 5 1
1 57 7 6 2
1 58 8 4 3
1 59 9 5 2
1 60 9 5 1
1 61 9 6 3
1 62 9 6 3
1 63 7 4 1
1 64 7 6 2
1 65 7 6 3
1 66 7 5 2
1 67 8 5 1
1 68 7 6 3
1 69 8 4 1
1 70 9 4 1
1 71 7 5 1
1 72 8 5 3
1 73 9 4 1
1 74 8 5 2
1 75 9 4 2
1 76 9 5 2
1 77 8 4 3
1 78 8 4 3
1 79 7 5 3
1 80 8 6 2
1 81 9 5 2
1 82 9 5 1
1 83 7 6 3
1 84 9 5 3
1 85 7 6 1
1 86 9 5 3
1 87 8 4 1
1 88 9 5 3
1 89 8 6 1
1 90 9 5 3
1 91 8 5 3
1 92 8 5 1
1 93 7 5 2
1 94 7 5 1
1 95 7 4 1
1 96 9 4 2
1 97 8 4 3
1 98 9 4 3
1 99 7 6 3
1 100 9 4 2
2 3 9 5 2
2 4 8 4 3
2 5 9 4 1
2 6 9 4 1
2 7 9 5 3
2 8 8 5 1
2 9 7 4 1
2 10 9 4 2
2 11 8 6 3
2 12 8 4 1
2 13 9 4 3
2 14 8 5 2
2 15 8 5 2
2 16 7 4 1
2 17 9 5 2
2 18 9 6 2
2 19 7 5 2
2 20 7 5 1
2 21 8 4 2
2 22 9 4 2
2 23 7 6 1
2 24 8 5 3
2 25 9 5 1
2 26 8 5 1
2 27 7 4 3
2 28 7 4 2
2 29 7 4 2
2 30 9 4 2
2 31 8 5 1
2 32 9 4 1
2 33 7 4 3
2 34 7 6 1
2 35 9 4 1
2 36 8 4 3
2 37 7 6 3
2 38 9 5 2
2 39 7 4 2
2 40 8 4 3
2 41 8 4 1
2 42 9 6 2
2 43 7 4 2
2 44 8 5 1
2 45 8 4 1
2 46 9 5 3
2 47 7 5 2
2 48 9 5 3
2 49 8 6 1
2 50 8 4 2
2 51 8 5 2
2 52 8 5 1
2 53 7 6 1
2 54 9 6 2
2 55 7 4 3
2 56 8 6 1
2 57 8 4 3
2 58 8 5 3
2 59 9 5 2
2 60 8 6 2
2 61 7 6 2
2 62 9 6 3
2 63 9 6 1
2 64 7 5 2
2 65 8 6 1
2 66 7 6 2
2 67 8 5 3
2 68 8 6 2
2 69 9 5 3
2 70 8 5 1
2 71 8 6 2
2 72 8 5 3
2 73 9 4 1
2 74 8 6 2
2 75 7 6 1
2 76 8 6 1
2 77 7 6 2
2 78 9 4 1
2 79 9 6 1
2 80 9 5 3
2 81 9 5 2
2 82 8 4 1
2 83 7 6 2
2 84 9 6 1
2 85 7 6 3
2 86 9 6 2
2 87 7 6 3
2 88 8 5 1
2 89 9 6 1
2 90 8 6 3
2 91 7 6 3
2 92 9 6 2
2 93 7 5 2
2 94 8 4 3
2 95 9 6 1
2 96 8 6 2
2 97 8 6 2
2 98 7 6 1
2 99 8 5 3
2 100 9 5 3
3 4 9 5 3
3 5 9 6 3
3 6 7 4 2
3 7 8 5 3
3 8 8 6 3
3 9 9 6 1
3 10 8 6 2
3 11 7 6 3
3 12 8 5 2
3 13 8 6 3
3 14 8 4 1
3 15 8 4 1
3 16 7 5 2
3 17 8 5 1
3 18 8 4 2
3 19 9 6 2
3 20 7 6 3
3 21 8 6 3
3 22 7 5 3
3 23 8 6 2
3 24 9 4 3
3 25 7 6 2
3 26 8 4 1
3 27 8 4 1
3 28 7 6 1
3 29 7 6 1
3 30 9 5 3
3 31 8 5 2
3 32 8 6 1
3 33 7 5 3
3 34 7 5 2
3 35 8 5 1
3 36 8 5 3
3 37 7 5 1
3 38 7 5 3
3 39 9 4 3
3 40 9 5 1
3 41 9 5 3
3 42 7 4 2
3 43 8 4 2
3 44 8 5 2
3 45 9 4 2
3 46 7 6 3
3 47 9 4 3
3 48 9 6 1
3 49 9 5 3
3 50 9 5 3
3 51 7 5 3
3 52 8 6 3
3 53 7 5 1
3 54 9 6 1
3 55 8 6 2
3 56 8 6 3
3 57 9 4 3
3 58 7 4 1
3 59 8 4 2
3 60 7 6 1
3 61 9 4 2
3 62 9 5 2
3 63 7 6 1
3 64 9 5 2
3 65 9 4 2
3 66 7 5 2
3 67 7 4 3
3 68 8 4 3
3 69 9 5 3
3 70 8 6 1
3 71 8 6 2
3 72 9 5 1
3 73 7 5 1
3 74 9 4 2
3 75 7 4 2
3 76 9 5 1
3 77 8 5 2
3 78 7 5 1
3 79 9 6 1
3 80 8 4 1
3 81 7 4 2
3 82 8 4 1
3 83 7 6 1
3 84 9 6 2
3 85 8 4 1
3 86 7 4 3
3 87 7 6 1
3 88 7 4 2
3 89 8 5 1
3 90 7 4 1
3 91 8 5 2
3 92 7 4 1
3 93 7 4 3
3 94 9 4 3
3 95 7 4 3
3 96 7 4 2
3 97 7 4 1
3 98 9 5 2
3 99 8 4 2
3 100 7 5 3
4 5 7 4 1
4 6 9 4 1
4 7 7 5 3
4 8 7 5 2
4 9 7 4 1
4 10 7 5 3
4 11 8 6 1
4 12 8 5 2
4 13 7 5 1
4 14 8 5 3
4 15 8 4 2
4 16 7 6 2
4 17 8 4 2
4 18 9 5 3
4 19 7 5 1
4 20 9 6 2
4 21 7 6 2
4 22 7 5 2
4 23 8 4 3
4 24 8 5 1
4 25 9 4 2
4 26 7 4 3
4 27 8 6 1
4 28 9 4 3
4 29 7 6 2
4 30 8 4 2
4 31 9 5 2
4 32 7 6 3
4 33 9 6 3
4 34 8 6 3
4 35 8 6 2
4 36 7 5 3
4 37 7 4 1
4 38 9 6 1
4 39 7 4 2
4 40 8 5 2
4 41 7 5 1
4 42 8 6 2
4 43 9 4 2
4 44 9 5 3
4 45 9 6 3
4 46 9 6 2
4 47 7 6 2
4 48 7 6 3
4 49 8 6 2
4 50 7 6 1
4 51 9 6 1
4 52 8 4 2
4 53 9 6 2
4 54 8 4 1
4 55 7 6 2
4 56 7 4 2
4 57 9 5 3
4 58 8 6 3
4 59 9 6 3
4 60 8 6 2
4 61 8 6 2
4 62 9 5 2
4 63 8 5 3
4 64 7 5 1
4 65 8 4 3
4 66 7 6 3
4 67 8 5 3
4 68 7 4 1
4 69 7 4 2
4 70 8 6 2
4 71 9 4 2
4 72 8 4 3
4 73 9 4 1
4 74 9 5 1
4 75 9 5 1
4 76 7 4 2
4 77 9 6 1
4 78 7 4 1
4 79 8 6 1
4 80 9 5 1
4 81 8 5 1
4 82 7 5 2
4 83 7 6 1
4 84 7 4 1
4 85 8 5 2
4 86 7 5 2
4 87 9 5 2
4 88 7 5 3
4 89 9 6 3
4 90 8 5 3
4 91 9 5 3
4 92 7 5 1
4 93 8 4 1
4 94 7 6 2
4 95 9 5 3
4 96 8 5 3
4 97 9 4 3
4 98 9 6 2
4 99 8 5 2
4 100 9 6 1
5 6 9 5 3
5 7 8 4 1
5 8 7 4 2
5 9 9 5 2
5 10 8 5 1
5 11 8 4 3
5 12 9 6 3
5 13 9 4 1
5 14 9 6 3
5 15 7 4 2
5 16 9 5 3
5 17 7 6 1
5 18 7 5 2
5 19 8 4 3
5 20 8 6 1
5 21 9 5 1
5 22 9 6 3
5 23 8 4 3
5 24 8 6 2
5 25 7 4 1
5 26 9 6 3
5 27 9 4 1
5 28 7 4 1
5 29 7 4 1
5 30 9 6 2
5 31 7 6 3
5 32 9 4 2
5 33 9 4 2
5 34 9 4 3
5 35 8 4 2
5 36 7 4 2
5 37 9 4 3
5 38 9 4 1
5 39 9 5 3
5 40 8 6 2
5 41 9 5 1
5 42 8 5 1
5 43 7 6 1
5 44 8 6 2
5 45 8 5 3
5 46 9 6 1
5 47 8 6 1
5 48 8 4 2
5 49 9 6 2
5 50 9 6 2
5 51 7 6 3
5 52 9 6 2
5 53 9 4 1
5 54 7 4 2
5 55 8 6 2
5 56 7 6 3
5 57 7 6 3
5 58 7 5 2
5 59 9 4 1
5 60 8 6 3
5 61 7 5 2
5 62 7 5 2
5 63 8 6 1
5 64 8 6 1
5 65 7 5 2
5 66 7 5 3
5 67 9 6 3
5 68 9 5 2
5 69 8 6 3
5 70 9 6 2
5 71 8 4 1
5 72 9 6 2
5 73 8 5 2
5 74 8 4 2
5 75 7 5 2
5 76 8 6 2
5 77 9 6 2
5 78 7 5 2
5 79 8 6 3
5 80 8 4 2
5 81 7 5 1
5 82 8 5 2
5 83 7 4 2
5 84 7 4 3
5 85 7 6 3
5 86 7 5 2
5 87 9 5 2
5 88 9 5 1
5 89 7 5 1
5 90 8 6 1
5 91 8 5 3
5 92 8 5 1
5 93 8 4 1
5 94 7 4 1
5 95 7 6 2
5 96 9 5 1
5 97 8 6 2
5 98 8 5 1
5 99 7 5 3
5 100 7 6 1
6 7 7 6 1
6 8 7 5 1
6 9 9 6 2
6 10 8 6 3
6 11 7 5 1
6 12 7 4 2
6 13 7 6 1
6 14 9 4 2
6 15 9 5 2
6 16 8 4 1
6 17 8 4 2
6 18 9 5 3
6 19 7 5 3
6 20 8 4 2
6 21 8 5 3
6 22 9 4 3
6 23 8 5 3
6 24 8 4 3
6 25 8 4 3
6 26 8 4 2
6 27 7 4 1
6 28 7 6 2
6 29 8 4 1
6 30 8 6 1
6 31 8 4 1
6 32 7 5 1
6 33 9 6 1
6 34 8 6 1
6 35 7 6 1
6 36 9 4 1
6 37 9 5 2
6 38 9 5 2
6 39 7 4 2
6 40 7 5 2
6 41 9 6 1
6 42 9 5 3
6 43 8 4 1
6 44 8 6 2
6 45 8 6 2
6 46 8 4 1
6 47 8 6 2
6 48 9 4 3
6 49 7 5 2
6 50 9 5 3
6 51 8 4 1
6 52 9 6 2
6 53 8 5 2
6 54 9 5 1
6 55 8 6 2
6 56 9 5 1
6 57 7 6 3
6 58 9 6 3
6 59 7 4 1
6 60 8 6 3
6 61 9 5 2
6 62 8 5 1
6 63 8 6 1
6 64 9 5 1
6 65 9 4 1
6 66 9 5 3
6 67 7 5 1
6 68 9 6 3
6 69 7 5 1
6 70 9 5 2
6 71 8 4 2
6 72 7 4 3
6 73 7 6 3
6 74 8 4 2
6 75 7 5 1
6 76 8 6 1
6 77 8 4 2
6 78 8 4 1
6 79 9 4 3
6 80 8 6 2
6 81 7 5 1
6 82 9 4 2
6 83 7 6 3
6 84 7 5 1
6 85 9 6 3
6 86 7 6 3
6 87 7 5 1
6 88 8 4 1
6 89 9 5 2
6 90 9 6 1
6 91 7 4 2
6 92 9 6 3
6 93 9 6 1
6 94 9 5 1
6 95 8 5 1
6 96 8 5 1
6 97 9 5 2
6 98 7 6 3
6 99 9 4 2
6 100 9 6 3
7 8 7 4 1
7 9 9 4 1
7 10 8 4 3
7 11 7 6 1
7 12 9 6 3
7 13 8 5 2
7 14 9 5 1
7 15 8 6 3
7 16 7 5 3
7 17 7 6 3
7 18 9 5 1
7 19 8 6 3
7 20 9 4 2
7 21 8 5 2
7 22 7 6 3
7 23 7 6 2
7 24 8 4 2
7 25 9 5 2
7 26 9 5 3
7 27 7 6 1
7 28 9 6 2
7 29 8 6 2
7 30 9 6 3
7 31 9 4 1
7 32 8 6 2
7 33 9 4 3
7 34 7 4 3
7 35 7 6 2
7 36 9 4 3
7 37 8 6 1
7 38 7 5 1
7 39 9 6 2
7 40 8 6 1
7 41 8 6 3
7 42 9 5 3
7 43 8 6 3
7 44 9 4 1
7 45 8 4 3
7 46 8 4 3
7 47 7 6 2
7 48 9 4 1
7 49 8 4 1
7 50 8 6 1
7 51 7 6 2
7 52 8 4 1
7 53 9 5 1
7 54 7 4 2
7 55 8 4 1
7 56 9 6 3
7 57 9 4 3
7 58 7 6 1
7 59 7 5 3
7 60 8 5 2
7 61 8 5 1
7 62 7 4 2
7 63 7 6 2
7 64 9 4 1
7 65 9 4 1
7 66 9 5 3
7 67 9 6 3
7 68 9 5 3
7 69 9 6 1
7 70 7 6 1
7 71 8 4 1
7 72 8 4 2
7 73 7 6 3
7 74 7 6 3
7 75 7 4 2
7 76 8 6 3
7 77 7 5 1
7 78 7 6 2
7 79 9 4 3
7 80 7 6 3
7 81 7 4 3
7 82 9 4 3
7 83 8 6 2
7 84 7 5 1
7 85 9 5 2
7 86 8 6 3
7 87 9 6 3
7 88 8 5 1
7 89 8 6 1
7 90 7 4 3
7 91 8 6 3
7 92 9 4 3
7 93 8 5 1
7 94 8 5 3
7 95 7 4 2
7 96 8 5 1
7 97 7 6 1
7 98 8 4 1
7 99 8 5 1
7 100 7 4 2
8 9 8 4 2
8 10 8 5 3
8 11 8 4 3
8 12 7 4 2
8 13 8 6 3
8 14 9 4 3
8 15 9 4 2
8 16 9 6 2
8 17 8 5 1
8 18 7 4 1
8 19 7 4 3
8 20 7 4 1
8 21 8 6 1
8 22 8 6 1
8 23 7 4 2
8 24 9 4 1
8 25 7 5 2
8 26 8 6 2
8 27 8 6 2
8 28 8 5 1
8 29 9 5 2
8 30 7 5 2
8 31 8 5 3
8 32 7 6 2
8 33 8 5 3
8 34 8 6 3
8 35 9 4 2
8 36 8 6 3
8 37 9 5 2
8 38 8 4 3
8 39 8 4 3
8 40 7 4 3
8 41 7 6 2
8 42 8 4 2
8 43 7 5 3
8 44 7 5 3
8 45 7 4 2
8 46 8 5 3
8 47 8 5 2
8 48 8 4 3
8 49 7 6 1
8 50 7 4 1
8 51 7 6 2
8 52 7 4 2
8 53 9 4 1
8 54 9 5 1
8 55 9 5 1
8 56 9 4 1
8 57 8 5 1
8 58 8 6 3
8 59 9 4 2
8 60 7 4 2
8 61 8 4 1
8 62 7 4 3
8 63 7 6 2
8 64 8 5 3
8 65 9 4 2
8 66 8 4 2
8 67 9 5 3
8 68 8 5 1
8 69 9 4 2
8 70 7 6 3
8 71 9 6 3
8 72 7 4 2
8 73 9 5 1
8 74 9 4 1
8 75 9 4 2
8 76 7 4 2
8 77 7 5 3
8 78 9 5 3
8 79 9 4 1
8 80 8 5 1
8 81 9 5 2
8 82 8 4 1
8 83 9 6 2
8 84 7 6 1
8 85 9 6 3
8 86 7 5 3
8 87 7 4 1
8 88 8 5 2
8 89 7 5 3
8 90 8 5 3
8 91 7 5 1
8 92 9 4 2
8 93 8 5 2
8 94 7 4 3
8 95 7 5 3
8 96 7 6 2
8 97 8 5 2
8 98 7 5 3
8 99 7 4 3
8 100 9 5 3
9 10 7 4 2
9 11 8 4 3
9 12 7 6 3
9 13 8 4 3
9 14 9 5 1
9 15 7 6 2
9 16 8 6 2
9 17 8 6 3
9 18 7 4 2
9 19 7 5 1
9 20 8 5 1
9 21 9 6 3
9 22 7 4 1
9 23 9 5 1
9 24 8 6 2
9 25 7 4 3
9 26 9 4 2
9 27 9 4 3
9 28 7 4 3
9 29 9 5 2
9 30 9 6 1
9 31 8 5 1
9 32 9 5 2
9 33 7 4 1
9 34 8 6 1
9 35 9 5 2
9 36 9 6 3
9 37 7 6 2
9 38 9 5 1
9 39 7 6 3
9 40 8 5 2
9 41 7 4 3
9 42 9 6 1
9 43 9 6 2
9 44 9 6 2
9 45 7 5 2
9 46 7 4 2
9 47 9 4 1
9 48 8 5 2
9 49 8 4 1
9 50 9 6 2
9 51 8 4 2
9 52 8 5 3
9 53 9 6 2
9 54 7 5 1
9 55 7 6 1
9 56 9 6 3
9 57 9 4 3
9 58 9 6 3
9 59 9 6 2
9 60 7 5 2
9 61 8 6 1
9 62 8 4 1
9 63 9 4 2
9 64 7 6 3
9 65 8 5 3
9 66 9 5 3
9 67 8 4 3
9 68 7 4 2
9 69 8 4 3
9 70 7 4 1
9 71 8 5 3
9 72 8 5 3
9 73 8 4 3
9 74 8 5 3
9 75 7 6 1
9 76 8 4 2
9 77 7 6 1
9 78 8 6 2
9 79 7 5 1
9 80 9 5 1
9 81 8 4 3
9 82 9 4 1
9 83 9 5 3
9 84 8 4 3
9 85 9 5 1
9 86 8 5 2
9 87 7 6 3
9 88 9 6 1
9 89 9 5 1
9 90 7 6 3
9 91 7 4 1
9 92 9 5 1
9 93 7 5 1
9 94 8 6 1
9 95 9 5 1
9 96 8 4 2
9 97 7 5 1
9 98 8 4 1
9 99 7 5 2
9 100 8 5 2
10 11 9 6 3
10 12 8 5 3
10 13 9 5 1
10 14 9 6 3
10 15 8 4 2
10 16 8 5 1
10 17 9 4 1
10 18 8 5 2
10 19 8 5 2
10 20 7 5 2
10 21 8 6 3
10 22 7 6 3
10 23 7 6 3
10 24 9 4 1
10 25 7 4 2
10 26 8 4 1
10 27 8 4 1
10 28 7 6 2
10 29 9 6 2
10 30 9 4 2
10 31 8 6 2
10 32 8 6 1
10 33 8 5 1
10 34 7 6 2
10 35 7 5 2
10 36 7 4 2
10 37 8 5 2
10 38 8 4 1
10 39 7 6 1
10 40 9 4 2
10 41 8 6 1
10 42 9 5 2
10 43 8 5 3
10 44 7 6 1
10 45 7 6 1
10 46 7 6 2
10 47 9 5 1
10 48 9 4 2
10 49 9 5 2
10 50 8 5 1
10 51 7 5 3
10 52 9 6 1
10 53 9 6 3
10 54 8 6 1
10 55 7 5 2
10 56 9 4 3
10 57 9 4 2
10 58 9 4 1
10 59 7 6 3
10 60 9 6 1
10 61 9 5 2
10 62 9 4 1
10 63 9 5 2
10 64 9 4 2
10 65 8 4 2
10 66 7 6 1
10 67 9 6 1
10 68 9 5 3
10 69 9 4 3
10 70 9 4 2
10 71 7 5 3
10 72 9 6 3
10 73 8 5 1
10 74 9 4 1
10 75 9 4 1
10 76 8 4 2
10 77 9 4 2
10 78 8 6 1
10 79 8 6 1
10 80 7 4 2
10 81 9 5 3
10 82 9 5 1
10 83 7 6 2
10 84 9 6 1
10 85 9 5 2
10 86 9 4 2
10 87 8 6 2
10 88 7 5 2
10 89 7 5 3
10 90 8 5 3
10 91 9 5 2
10 92 7 6 2
10 93 9 5 1
10 94 7 6 3
10 95 9 4 2
10 96 9 4 2
10 97 7 4 2
10 98 8 6 1
10 99 8 6 1
10 100 8 6 2
11 12 7 5 2
11 13 8 6 1
11 14 8 6 1
11 15 8 6 3
11 16 7 4 3
11 17 8 5 1
11 18 9 6 2
11 19 7 6 3
11 20 7 5 3
11 21 8 5 2
11 22 7 6 1
11 23 8 4 1
11 24 9 5 2
11 25 7 4 2
11 26 7 5 2
11 27 7 4 3
11 28 8 5 3
11 29 9 5 3
11 30 7 5 3
11 31 7 5 3
11 32 9 6 1
11 33 8 4 3
11 34 7 5 2
11 35 9 6 2
11 36 8 5 3
11 37 8 6 3
11 38 9 4 3
11 39 9 6 3
11 40 9 6 3
11 41 9 6 3
11 42 9 5 1
11 43 8 5 3
11 44 8 5 3
11 45 9 6 2
11 46 8 5 2
11 47 7 4 2
11 48 9 4 3
11 49 8 5 2
11 50 7 5 1
11 51 7 4 2
11 52 7 4 2
11 53 9 6 2
11 54 8 6 2
11 55 7 5 1
11 56 7 4 2
11 57 9 5 1
11 58 9 4 1
11 59 8 6 1
11 60 9 6 2
11 61 7 6 2
11 62 9 5 1
11 63 7 4 1
11 64 8 5 2
11 65 7 6 1
11 66 7 5 1
11 67 9 5 3
11 68 7 6 3
11 69 8 6 2
11 70 7 6 2
11 71 8 4 2
11 72 9 6 1
11 73 9 5 2
11 74 7 5 1
11 75 7 6 2
11 76 7 4 1
11 77 7 4 3
11 78 7 5 2
11 79 8 4 2
11 80 8 5 1
11 81 9 4 3
11 82 8 6 3
11 83 7 4 1
11 84 8 5 1
11 85 8 6 3
11 86 8 6 1
11 87 7 4 1
11 88 7 6 2
11 89 7 6 3
11 90 8 6 2
11 91 8 5 1
11 92 9 5 1
11 93 8 4 3
11 94 8 5 3
11 95 9 5 1
11 96 9 6 2
11 97 8 6 1
11 98 7 4 2
11 99 8 6 1
11 100 8 4 1
12 13 8 6 1
12 14 7 5 2
12 15 8 4 3
12 16 7 5 2
12 17 7 4 2
12 18 8 4 3
12 19 7 4 1
12 20 8 6 3
12 21 9 4 1
12 22 9 4 1
12 23 7 6 1
12 24 9 4 3
12 25 8 6 1
12 26 9 6 3
12 27 7 5 3
12 28 9 4 1
12 29 7 6 1
12 30 7 6 1
12 31 8 6 1
12 32 8 4 3
12 33 9 5 3
12 34 8 5 1
12 35 9 4 1
12 36 7 6 2
12 37 8 5 2
12 38 8 5 1
12 39 7 4 1
12 40 7 4 2
12 41 9 4 1
12 42 9 4 2
12 43 8 5 3
12 44 7 5 1
12 45 8 4 1
12 46 9 4 3
12 47 7 6 1
12 48 9 6 1
12 49 9 5 2
12 50 9 6 2
12 51 9 5 3
12 52 8 4 2
12 53 9 5 2
12 54 7 6 3
12 55 7 4 3
12 56 8 5 2
12 57 9 5 2
12 58 7 6 3
12 59 9 5 2
12 60 8 6 2
12 61 8 4 1
12 62 8 4 1
12 63 7 5 2
12 64 8 4 2
12 65 7 6 1
12 66 7 4 2
12 67 9 5 2
12 68 9 6 1
12 69 8 5 3
12 70 9 5 1
12 71 7 4 3
12 72 8 5 1
12 73 7 5 3
12 74 9 6 3
12 75 9 6 3
12 76 8 6 2
12 77 9 6 3
12 78 9 5 2
12 79 8 4 2
12 80 9 6 3
12 81 9 5 2
12 82 8 5 2
12 83 8 4 3
12 84 7 4 1
12 85 7 6 1
12 86 8 5 3
12 87 7 4 2
12 88 8 6 3
12 89 9 5 2
12 90 9 6 3
12 91 7 6 1
12 92 9 6 3
12 93 7 6 2
12 94 7 6 1
12 95 8 6 1
12 96 9 4 3
12 97 7 4 3
12 98 9 4 2
12 99 7 4 2
12 100 7 6 2
13 14 9 5 2
13 15 9 4 1
13 16 8 6 2
13 17 8 6 1
13 18 9 5 1
13 19 8 4 2
13 20 9 4 3
13 21 9 4 2
13 22 7 6 3
13 23 9 5 1
13 24 9 6 1
13 25 8 5 2
13 26 9 5 1
13 27 7 4 2
13 28 7 5 1
13 29 8 5 3
13 30 9 4 1
13 31 9 4 1
13 32 7 5 1
13 33 9 5 1
13 34 7 4 3
13 35 7 4 1
13 36 9 4 1
13 37 7 5 1
13 38 8 6 1
13 39 9 4 3
13 40 7 5 3
13 41 7 4 1
13 42 8 4 3
13 43 9 6 1
13 44 7 5 3
13 45 7 5 1
13 46 7 4 1
13 47 9 6 1
13 48 9 6 1
13 49 7 4 1
13 50 7 4 3
13 51 9 5 2
13 52 7 5 2
13 53 9 4 2
13 54 8 5 2
13 55 7 5 1
13 56 9 4 3
13 57 7 5 1
13 58 9 5 1
13 59 7 4 2
13 60 8 5 3
13 61 7 5 3
13 62 8 6 3
13 63 8 4 1
13 64 9 6 2
13 65 9 6 2
13 66 9 6 1
13 67 8 4 3
13 68 9 4 1
13 69 9 5 1
13 70 7 5 2
13 71 7 4 2
13 72 7 4 3
13 73 7 6 3
13 74 8 6 2
13 75 9 6 1
13 76 7 4 3
13 77 7 5 2
13 78 7 5 1
13 79 8 6 2
13 80 7 4 3
13 81 9 5 2
13 82 8 4 2
13 83 9 6 1
13 84 9 4 1
13 85 8 5 3
13 86 9 6 1
13 87 9 6 1
13 88 7 5 2
13 89 8 4 3
13 90 7 5 1
13 91 7 4 2
13 92 9 4 3
13 93 8 4 1
13 94 8 4 3
13 95 8 6 1
13 96 8 5 2
13 97 9 6 1
13 98 7 6 1
13 99 9 4 3
13 100 8 6 1
14 15 9 5 3
14 16 9 5 2
14 17 7 5 1
14 18 8 4 2
14 19 8 4 1
14 20 9 5 2
14 21 9 5 2
14 22 9 6 1
14 23 9 6 3
14 24 8 5 3
14 25 9 4 1
14 26 8 4 1
14 27 8 5 1
14 28 9 5 2
14 29 7 6 1
14 30 7 6 2
14 31 8 6 3
14 32 8 4 1
14 33 9 6 2
14 34 8 6 2
14 35 8 5 3
14 36 8 4 1
14 37 7 6 2
14 38 8 6 2
14 39 8 6 1
14 40 9 4 3
14 41 9 5 3
14 42 9 5 2
14 43 8 6 1
14 44 7 4 1
14 45 8 4 1
14 46 9 4 2
14 47 7 6 3
14 48 7 4 2
14 49 9 6 3
14 50 8 6 3
14 51 8 5 1
14 52 9 6 2
14 53 7 4 2
14 54 7 6 1
14 55 9 4 1
14 56 9 6 3
14 57 9 5 1
14 58 9 5 2
14 59 8 4 1
14 60 7 5 1
14 61 9 4 1
14 62 7 4 1
14 63 8 5 3
14 64 8 6 2
14 65 9 4 3
14 66 7 4 2
14 67 8 4 1
14 68 9 4 3
14 69 9 4 3
14 70 7 5 2
14 71 7 6 3
14 72 9 5 2
14 73 8 4 2
14 74 8 6 2
14 75 7 4 2
14 76 9 6 1
14 77 8 6 2
14 78 7 6 1
14 79 9 6 3
14 80 7 5 2
14 81 7 6 2
14 82 8 4 3
14 83 9 4 3
14 84 7 5 2
14 85 9 5 3
14 86 8 5 3
14 87 8 6 2
14 88 9 4 1
14 89 8 4 2
14 90 8 6 2
14 91 7 4 3
14 92 7 4 2
14 93 9 6 2
14 94 7 4 1
14 95 7 5 3
14 96 8 5 3
14 97 8 4 1
14 98 9 6 1
14 99 7 4 1
14 100 7 5 2
15 16 8 5 2
15 17 9 4 1
15 18 8 6 3
15 19 9 4 3
15 20 8 5 3
15 21 8 6 3
15 22 8 6 3
15 23 9 4 2
15 24 7 4 3
15 25 7 6 1
15 26 7 6 1
15 27 9 6 1
15 28 9 4 1
15 29 7 6 2
15 30 8 6 2
15 31 9 6 2
15 32 7 6 1
15 33 7 5 2
15 34 7 6 2
15 35 9 6 3
15 36 9 5 3
15 37 7 5 1
15 38 8 6 2
15 39 8 5 1
15 40 8 4 1
15 41 7 4 2
15 42 7 4 3
15 43 7 5 3
15 44 8 4 1
15 45 7 4 2
15 46 9 4 3
15 47 7 6 1
15 48 7 4 2
15 49 8 4 1
15 50 8 5 3
15 51 7 5 1
15 52 9 5 3
15 53 7 6 1
15 54 8 4 3
15 55 7 4 3
15 56 7 6 2
15 57 8 6 2
15 58 7 4 2
15 59 8 4 1
15 60 9 4 2
15 61 8 4 3
15 62 9 4 2
15 63 7 5 1
15 64 9 4 3
15 65 9 6 1
15 66 7 6 3
15 67 9 6 2
15 68 7 5 1
15 69 7 4 2
15 70 9 6 1
15 71 9 5 2
15 72 9 4 3
15 73 8 4 2
15 74 7 5 2
15 75 9 6 2
15 76 7 5 2
15 77 9 5 2
15 78 9 4 1
15 79 8 5 1
15 80 9 5 2
15 81 7 5 1
15 82 7 5 1
15 83 9 4 3
15 84 7 5 1
15 85 9 6 1
15 86 7 6 1
15 87 9 5 2
15 88 7 6 2
15 89 8 5 1
15 90 7 4 3
15 91 9 6 1
15 92 7 5 1
15 93 8 6 1
15 94 8 5 1
15 95 7 4 2
15 96 9 5 1
15 97 8 6 1
15 98 9 4 1
15 99 9 5 2
15 100 7 6 1
16 17 7 4 3
16 18 9 6 3
16 19 8 4 1
16 20 8 4 3
16 21 8 5 2
16 22 8 4 1
16 23 7 4 3
16 24 9 6 1
16 25 7 5 2
16 26 7 5 2
16 27 7 6 1
16 28 9 6 3
16 29 8 4 3
16 30 7 6 3
16 31 8 5 2
16 32 7 5 3
16 33 7 5 2
16 34 8 5 2
16 35 7 4 3
16 36 8 4 3
16 37 9 6 1
16 38 9 4 3
16 39 8 6 1
16 40 9 4 3
16 41 8 4 3
16 42 8 6 3
16 43 9 4 1
16 44 8 5 3
16 45 9 5 1
16 46 8 6 2
16 47 9 4 2
16 48 9 5 1
16 49 7 5 1
16 50 9 4 1
16 51 9 4 1
16 52 7 5 2
16 53 8 6 3
16 54 9 5 3
16 55 7 5 2
16 56 7 5 2
16 57 7 6 3
16 58 7 5 3
16 59 9 6 1
16 60 8 6 2
16 61 7 6 3
16 62 9 4 2
16 63 8 4 1
16 64 7 4 1
16 65 8 4 1
16 66 9 5 1
16 67 7 5 3
16 68 7 6 1
16 69 7 4 2
16 70 7 5 2
16 71 9 4 1
16 72 7 4 3
16 73 9 6 2
16 74 7 6 3
16 75 8 4 1
16 76 9 6 3
16 77 9 6 2
16 78 9 4 1
16 79 9 4 2
16 80 8 4 3
16 81 9 5 1
16 82 9 6 3
16 83 7 6 2
16 84 7 5 2
16 85 8 6 2
16 86 9 5 3
16 87 9 6 2
16 88 8 5 1
16 89 8 5 2
16 90 8 6 3
16 91 8 6 2
16 92 7 4 1
16 93 8 6 1
16 94 7 5 1
16 95 8 6 1
16 96 8 4 3
16 97 8 6 1
16 98 9 6 1
16 99 7 4 2
16 100 9 4 3
17 18 9 4 1
17 19 8 4 1
17 20 9 5 2
17 21 7 4 1
17 22 9 4 2
17 23 7 5 1
17 24 8 5 3
17 25 7 5 3
17 26 8 5 3
17 27 7 6 3
17 28 7 5 3
17 29 8 6 3
17 30 8 4 3
17 31 9 5 1
17 32 9 5 3
17 33 7 4 2
17 34 7 4 1
17 35 7 4 1
17 36 8 5 1
17 37 7 5 1
17 38 7 5 3
17 39 8 4 1
17 40 8 4 3
17 41 7 5 2
17 42 9 6 3
17 43 8 6 2
17 44 8 5 3
17 45 8 5 1
17 46 9 5 3
17 47 8 5 2
17 48 7 5 1
17 49 7 6 3
17 50 7 4 1
17 51 8 6 1
17 52 8 4 3
17 53 8 5 2
17 54 8 6 3
17 55 8 5 3
17 56 7 6 1
17 57 9 4 1
17 58 8 4 2
17 59 8 4 1
17 60 7 5 1
17 61 8 5 2
17 62 7 6 3
17 63 8 5 1
17 64 8 6 1
17 65 7 5 3
17 66 8 4 2
17 67 8 6 2
17 68 9 4 1
17 69 9 6 1
17 70 8 4 2
17 71 7 6 1
17 72 8 4 3
17 73 8 4 2
17 74 9 6 3
17 75 8 4 1
17 76 8 6 3
17 77 9 6 2
17 78 9 5 1
17 79 7 5 3
17 80 7 5 1
17 81 7 6 3
17 82 7 5 2
17 83 9 4 2
17 84 8 4 1
17 85 8 5 2
17 86 7 4 3
17 87 8 5 1
17 88 9 4 1
17 89 7 5 3
17 90 9 4 1
17 91 7 4 1
17 92 8 4 3
17 93 8 6 2
17 94 9 6 3
17 95 9 6 2
17 96 7 6 1
17 97 8 5 1
17 98 9 6 1
17 99 8 5 3
17 100 9 6 3
18 19 9 5 2
18 20 9 6 1
18 21 7 5 1
18 22 7 6 1
18 23 9 4 2
18 24 9 4 2
18 25 9 6 3
18 26 7 5 1
18 27 7 4 2
18 28 9 4 3
18 29 9 4 3
18 30 7 6 2
18 31 8 5 2
18 32 9 4 2
18 33 8 4 2
18 34 8 5 3
18 35 8 6 1
18 36 9 6 3
18 37 7 4 3
18 38 7 6 3
18 39 7 4 3
18 40 9 6 2
18 41 7 5 2
18 42 7 6 2
18 43 7 6 2
18 44 8 6 1
18 45 7 6 3
18 46 8 4 1
18 47 7 5 1
18 48 8 5 3
18 49 8 6 1
18 50 8 4 1
18 51 9 5 2
18 52 9 6 3
18 53 7 4 3
18 54 7 6 3
18 55 7 4 3
18 56 9 4 3
18 57 8 6 3
18 58 9 5 3
18 59 8 6 1
18 60 8 4 2
18 61 8 5 1
18 62 7 4 2
18 63 9 5 3
18 64 8 4 2
18 65 9 5 1
18 66 8 6 1
18 67 8 4 1
18 68 8 5 1
18 69 9 6 2
18 70 8 5 1
18 71 9 5 3
18 72 9 4 2
18 73 7 4 1
18 74 8 4 1
18 75 8 4 1
18 76 9 6 1
18 77 7 5 3
18 78 8 4 3
18 79 9 4 3
18 80 7 4 1
18 81 7 4 3
18 82 9 5 1
18 83 7 6 3
18 84 9 6 3
18 85 9 6 1
18 86 8 5 2
18 87 9 4 2
18 88 7 6 3
18 89 7 4 1
18 90 7 6 3
18 91 8 5 2
18 92 9 4 3
18 93 9 5 3
18 94 8 6 1
18 95 7 4 1
18 96 9 5 2
18 97 7 6 2
18 98 9 5 3
18 99 8 6 2
18 100 7 6 1
19 20 7 4 3
19 21 7 5 1
19 22 9 4 1
19 23 7 5 3
19 24 8 6 2
19 25 8 6 1
19 26 7 5 3
19 27 8 6 2
19 28 9 4 3
19 29 9 6 3
19 30 8 6 3
19 31 9 4 1
19 32 7 4 1
19 33 7 4 2
19 34 7 4 1
19 35 7 6 3
19 36 9 6 1
19 37 9 5 2
19 38 7 6 2
19 39 7 4 3
19 40 9 6 1
19 41 7 4 1
19 42 8 5 1
19 43 9 4 2
19 44 7 5 2
19 45 9 4 2
19 46 9 6 3
19 47 7 4 3
19 48 7 6 1
19 49 7 6 1
19 50 7 4 1
19 51 8 6 1
19 52 8 4 1
19 53 7 5 3
19 54 7 5 3
19 55 7 5 3
19 56 8 4 1
19 57 7 6 2
19 58 7 5 2
19 59 9 4 2
19 60 8 4 3
19 61 7 5 1
19 62 7 5 1
19 63 8 6 1
19 64 7 5 1
19 65 9 5 2
19 66 7 4 1
19 67 9 6 2
19 68 8 5 2
19 69 8 4 3
19 70 8 6 2
19 71 7 5 1
19 72 7 4 1
19 73 7 5 3
19 74 8 4 3
19 75 7 5 1
19 76 7 6 3
19 77 8 6 3
19 78 7 5 1
19 79 8 5 1
19 80 9 5 3
19 81 8 5 3
19 82 8 4 2
19 83 9 4 1
19 84 7 5 1
19 85 7 4 2
19 86 8 6 1
19 87 9 6 2
19 88 7 6 3
19 89 7 5 2
19 90 9 6 2
19 91 9 5 1
19 92 7 6 3
19 93 7 5 3
19 94 8 4 3
19 95 7 6 3
19 96 7 6 3
19 97 9 4 2
19 98 8 6 2
19 99 9 6 1
19 100 8 6 2
20 21 9 5 2
20 22 9 4 2
20 23 8 4 3
20 24 7 6 3
20 25 7 6 1
20 26 8 4 3
20 27 8 5 1
20 28 7 5 3
20 29 9 4 2
20 30 7 6 3
20 31 7 4 3
20 32 9 6 2
20 33 8 4 3
20 34 8 4 1
20 35 7 6 3
20 36 7 5 2
20 37 7 6 2
20 38 8 4 2
20 39 9 4 1
20 40 9 4 1
20 41 7 4 3
20 42 7 4 2
20 43 9 5 3
20 44 9 5 3
20 45 8 4 2
20 46 8 4 1
20 47 9 6 3
20 48 9 5 3
20 49 9 4 3
20 50 9 6 2
20 51 8 6 1
20 52 7 5 1
20 53 7 4 3
20 54 9 4 1
20 55 7 6 2
20 56 8 5 1
20 57 9 5 3
20 58 8 4 2
20 59 7 4 3
20 60 8 4 3
20 61 8 5 3
20 62 7 5 2
20 63 8 6 2
20 64 9 4 2
20 65 7 6 1
20 66 8 5 3
20 67 9 4 3
20 68 7 4 2
20 69 8 5 3
20 70 8 4 2
20 71 8 6 1
20 72 9 6 3
20 73 8 5 1
20 74 9 5 1
20 75 7 5 1
20 76 7 5 3
20 77 9 4 3
20 78 8 4 1
20 79 7 5 2
20 80 8 4 3
20 81 7 4 1
20 82 9 6 1
20 83 9 5 3
20 84 8 6 3
20 85 7 5 3
20 86 9 6 1
20 87 9 4 2
20 88 8 5 2
20 89 9 4 2
20 90 8 6 3
20 91 7 5 3
20 92 8 4 3
20 93 7 6 3
20 94 9 4 2
20 95 7 5 2
20 96 7 6 3
20 97 8 4 1
20 98 9 6 3
20 99 7 4 2
20 100 7 5 1
21 22 7 4 3
21 23 9 5 2
21 24 8 4 3
21 25 9 5 1
21 26 7 5 1
21 27 8 5 1
21 28 9 5 3
21 29 9 6 1
21 30 9 6 3
21 31 7 4 3
21 32 9 6 3
21 33 9 6 1
21 34 7 5 1
21 35 8 6 1
21 36 7 6 2
21 37 8 6 3
21 38 7 4 1
21 39 7 4 2
21 40 8 5 1
21 41 8 5 1
21 42 8 6 2
21 43 9 4 3
21 44 9 6 2
21 45 9 5 3
21 46 7 4 3
21 47 9 6 1
21 48 8 5 2
21 49 9 6 1
21 50 9 6 2
21 51 7 5 1
21 52 9 5 3
21 53 9 6 3
21 54 8 4 2
21 55 9 4 2
21 56 8 4 2
21 57 9 5 2
21 58 9 4 3
21 59 7 6 3
21 60 8 6 2
21 61 7 5 1
21 62 9 6 2
21 63 9 5 3
21 64 7 4 1
21 65 9 4 2
21 66 7 4 3
21 67 8 5 1
21 68 8 6 2
21 69 8 5 1
21 70 9 6 1
21 71 8 4 1
21 72 8 6 2
21 73 8 5 3
21 74 9 5 2
21 75 7 5 2
21 76 9 5 1
21 77 8 4 1
21 78 8 5 1
21 79 9 5 1
21 80 8 5 1
21 81 8 6 3
21 82 8 5 1
21 83 8 4 2
21 84 8 5 1
21 85 7 6 3
21 86 7 6 2
21 87 8 4 3
21 88 9 4 3
21 89 7 6 2
21 90 9 5 2
21 91 7 5 2
21 92 9 5 1
21 93 8 5 2
21 94 9 4 3
21 95 8 6 3
21 96 7 6 1
21 97 8 5 1
21 98 8 6 3
21 99 7 6 3
21 100 8 6 1
22 23 7 6 1
22 24 9 5 1
22 25 9 6 2
22 26 9 6 2
22 27 9 4 2
22 28 8 4 2
22 29 9 6 1
22 30 9 5 3
22 31 9 5 2
22 32 7 6 2
22 33 7 4 1
22 34 8 4 3
22 35 7 5 2
22 36 9 4 3
22 37 7 5 2
22 38 7 6 3
22 39 8 6 2
22 40 7 5 1
22 41 9 6 2
22 42 7 5 3
22 43 7 4 1
22 44 7 4 1
22 45 8 5 3
22 46 9 4 1
22 47 7 5 1
22 48 8 6 3
22 49 8 4 2
22 50 8 4 2
22 51 7 5 1
22 52 7 4 2
22 53 9 4 1
22 54 8 5 2
22 55 9 5 1
22 56 9 5 2
22 57 7 4 1
22 58 7 5 1
22 59 8 4 2
22 60 7 6 3
22 61 7 6 1
22 62 7 5 1
22 63 7 6 3
22 64 8 6 1
22 65 9 6 2
22 66 9 6 2
22 67 8 4 1
22 68 8 4 3
22 69 8 5 1
22 70 7 4 1
22 71 8 6 1
22 72 7 4 2
22 73 8 5 2
22 74 7 4 2
22 75 8 5 2
22 76 7 6 1
22 77 7 4 3
22 78 8 4 3
22 79 9 6 1
22 80 7 6 2
22 81 7 6 3
22 82 9 4 1
22 83 7 5 1
22 84 8 4 3
22 85 7 5 2
22 86 7 4 3
22 87 9 6 2
22 88 8 6 3
22 89 7 6 1
22 90 8 4 1
22 91 9 6 3
22 92 8 4 2
22 93 9 6 1
22 94 7 6 2
22 95 9 5 3
22 96 7 4 2
22 97 7 5 3
22 98 7 6 3
22 99 8 6 3
22 100 8 4 1
23 24 7 5 1
23 25 9 4 2
23 26 7 4 3
23 27 7 5 1
23 28 7 6 1
23 29 8 6 3
23 30 8 4 2
23 31 7 6 3
23 32 9 5 3
23 33 8 5 1
23 34 9 4 1
23 35 9 5 2
23 36 9 6 1
23 37 8 4 3
23 38 7 5 3
23 39 7 6 2
23 40 7 4 3
23 41 9 4 3
23 42 9 6 3
23 43 8 5 2
23 44 8 4 3
23 45 9 4 3
23 46 9 4 1
23 47 9 4 1
23 48 9 6 1
23 49 9 5 3
23 50 9 5 2
23 51 8 4 3
23 52 8 4 3
23 53 9 6 3
23 54 7 4 1
23 55 7 5 1
23 56 7 4 2
23 57 9 5 1
23 58 9 6 1
23 59 9 5 2
23 60 7 4 1
23 61 7 4 1
23 62 7 6 2
23 63 8 5 1
23 64 7 5 3
23 65 9 5 2
23 66 7 5 2
23 67 9 6 3
23 68 8 6 3
23 69 7 4 1
23 70 9 4 3
23 71 7 5 2
23 72 7 6 3
23 73 7 5 3
23 74 9 4 2
23 75 9 5 2
23 76 9 4 3
23 77 7 4 1
23 78 8 5 3
23 79 8 6 1
23 80 8 6 1
23 81 7 4 1
23 82 8 4 1
23 83 9 5 2
23 84 9 5 1
23 85 8 6 2
23 86 9 5 2
23 87 7 6 2
23 88 9 5 3
23 89 8 4 3
23 90 9 4 1
23 91 8 4 2
23 92 9 5 3
23 93 8 6 3
23 94 7 4 3
23 95 9 4 3
23 96 8 5 3
23 97 7 6 1
23 98 7 6 1
23 99 7 4 3
23 100 7 6 1
24 25 8 4 3
24 26 9 4 3
24 27 8 4 3
24 28 9 5 2
24 29 7 5 1
24 30 7 6 3
24 31 8 4 2
24 32 7 5 2
24 33 8 4 1
24 34 9 5 1
24 35 7 4 1
24 36 8 5 3
24 37 9 6 3
24 38 9 6 3
24 39 8 4 1
24 40 8 4 3
24 41 8 4 2
24 42 8 6 1
24 43 8 5 1
24 44 8 6 3
24 45 9 6 2
24 46 7 6 3
24 47 9 5 1
24 48 7 5 3
24 49 9 4 2
24 50 9 6 3
24 51 8 6 3
24 52 7 6 2
24 53 9 6 1
24 54 8 6 3
24 55 8 4 3
24 56 8 5 2
24 57 9 6 3
24 58 9 4 3
24 59 8 6 1
24 60 9 4 3
24 61 9 6 2
24 62 8 4 3
24 63 8 4 3
24 64 7 6 3
24 65 9 5 2
24 66 9 5 1
24 67 9 5 2
24 68 8 5 1
24 69 7 4 3
24 70 7 6 2
24 71 8 6 3
24 72 8 5 3
24 73 7 4 3
24 74 9 6 1
24 75 7 4 1
24 76 8 5 1
24 77 9 4 3
24 78 9 4 3
24 79 9 5 1
24 80 8 4 2
24 81 9 4 2
24 82 8 4 1
24 83 7 4 1
24 84 7 6 2
24 85 8 6 3
24 86 8 5 2
24 87 7 5 1
24 88 8 6 1
24 89 8 5 2
24 90 7 6 2
24 91 8 5 3
24 92 9 6 3
24 93 7 4 3
24 94 8 5 2
24 95 9 6 2
24 96 9 6 3
24 97 8 5 1
24 98 9 5 3
24 99 8 4 3
24 100 7 4 2
25 26 8 5 3
25 27 7 5 1
25 28 8 4 1
25 29 7 5 3
25 30 7 6 2
25 31 9 5 3
25 32 7 6 1
25 33 8 4 1
25 34 9 5 2
25 35 9 5 2
25 36 8 5 1
25 37 9 6 1
25 38 9 4 3
25 39 7 5 2
25 40 7 4 3
25 41 8 5 1
25 42 7 4 3
25 43 9 4 2
25 44 8 6 3
25 45 8 4 3
25 46 8 6 1
25 47 7 5 3
25 48 9 6 2
25 49 8 5 2
25 50 9 6 2
25 51 9 6 1
25 52 8 4 2
25 53 7 4 1
25 54 7 5 2
25 55 8 6 2
25 56 8 5 1
25 57 7 5 1
25 58 8 6 1
25 59 7 5 3
25 60 7 4 2
25 61 9 4 1
25 62 9 4 2
25 63 9 4 3
25 64 7 6 2
25 65 9 5 2
25 66 8 6 2
25 67 8 4 1
25 68 8 4 2
25 69 7 5 2
25 70 9 5 1
25 71 9 4 3
25 72 8 5 2
25 73 9 6 1
25 74 8 6 2
25 75 7 6 1
25 76 8 6 3
25 77 7 4 1
25 78 9 6 1
25 79 9 5 3
25 80 8 4 2
25 81 8 5 1
25 82 8 5 2
25 83 8 4 1
25 84 8 4 2
25 85 7 4 2
25 86 8 6 3
25 87 8 5 1
25 88 8 4 1
25 89 9 5 3
25 90 7 5 3
25 91 9 6 2
25 92 7 4 2
25 93 7 6 1
25 94 7 4 3
25 95 8 4 1
25 96 8 4 3
25 97 9 6 3
25 98 8 6 2
25 99 9 4 3
25 100 7 6 3
26 27 9 5 1
26 28 7 4 3
26 29 9 6 3
26 30 7 6 1
26 31 8 4 3
26 32 7 5 3
26 33 9 4 3
26 34 7 4 1
26 35 8 5 1
26 36 7 6 3
26 37 9 6 3
26 38 7 4 1
26 39 9 4 1
26 40 7 4 2
26 41 8 5 2
26 42 8 6 3
26 43 7 6 3
26 44 8 6 3
26 45 9 6 2
26 46 9 6 2
26 47 8 4 3
26 48 8 6 1
26 49 8 5 1
26 50 7 4 1
26 51 9 6 1
26 52 8 6 1
26 53 9 6 2
26 54 7 6 3
26 55 9 6 3
26 56 9 4 1
26 57 9 4 3
26 58 7 6 1
26 59 8 4 2
26 60 9 5 1
26 61 7 5 1
26 62 8 5 1
26 63 7 6 1
26 64 8 4 2
26 65 7 4 2
26 66 7 5 3
26 67 7 5 1
26 68 8 4 3
26 69 7 5 3
26 70 8 5 1
26 71 9 4 2
26 72 7 5 2
26 73 9 4 2
26 74 8 4 1
26 75 7 5 3
26 76 8 4 1
26 77 9 6 3
26 78 9 4 3
26 79 9 5 3
26 80 8 5 2
26 81 9 5 3
26 82 9 5 1
26 83 8 6 3
26 84 8 4 1
26 85 9 4 1
26 86 9 6 1
26 87 7 5 3
26 88 7 4 1
26 89 7 5 2
26 90 9 4 1
26 91 9 6 1
26 92 7 4 2
26 93 8 4 1
26 94 7 4 3
26 95 9 4 3
26 96 8 5 1
26 97 8 5 2
26 98 9 6 3
26 99 9 6 1
26 100 7 5 3
27 28 9 5 2
27 29 9 6 2
27 30 8 6 2
27 31 8 4 3
27 32 7 5 2
27 33 8 6 1
27 34 8 4 2
27 35 8 4 3
27 36 9 4 3
27 37 7 5 2
27 38 7 6 2
27 39 8 6 1
27 40 7 5 3
27 41 8 4 3
27 42 7 6 2
27 43 9 5 3
27 44 7 5 3
27 45 9 5 2
27 46 8 4 1
27 47 9 5 3
27 48 9 5 1
27 49 9 4 1
27 50 7 5 3
27 51 7 6 2
27 52 7 4 1
27 53 7 4 1
27 54 7 6 2
27 55 9 5 2
27 56 9 5 1
27 57 8 6 1
27 58 8 4 3
27 59 7 4 2
27 60 7 5 2
27 61 8 6 1
27 62 9 4 2
27 63 8 4 1
27 64 8 6 3
27 65 7 6 3
27 66 7 5 2
27 67 7 6 2
27 68 9 5 1
27 69 7 6 1
27 70 9 5 2
27 71 9 5 3
27 72 8 4 3
27 73 7 4 3
27 74 8 4 1
27 75 7 5 3
27 76 9 4 3
27 77 8 6 3
27 78 8 5 3
27 79 7 4 3
27 80 8 6 1
27 81 8 6 1
27 82 7 4 3
27 83 7 5 2
27 84 7 5 1
27 85 8 4 3
27 86 9 6 3
27 87 8 5 3
27 88 8 6 3
27 89 7 5 2
27 90 8 5 3
27 91 8 6 3
27 92 8 6 3
27 93 9 5 3
27 94 9 5 3
27 95 7 6 3
27 96 7 6 2
27 97 9 5 1
27 98 7 5 1
27 99 8 5 1
27 100 7 4 1
28 29 8 5 3
28 30 8 4 2
28 31 9 6 1
28 32 7 5 3
28 33 7 4 1
28 34 7 6 2
28 35 9 5 3
28 36 8 6 3
28 37 8 4 2
28 38 9 4 3
28 39 9 6 3
28 40 7 4 1
28 41 9 5 3
28 42 9 5 3
28 43 8 6 3
28 44 9 5 2
28 45 7 6 3
28 46 8 5 1
28 47 9 4 2
28 48 9 4 3
28 49 9 6 1
28 50 9 4 2
28 51 7 6 2
28 52 7 4 3
28 53 9 6 3
28 54 8 4 1
28 55 9 5 3
28 56 9 5 1
28 57 9 5 3
28 58 9 4 1
28 59 7 5 2
28 60 9 4 2
28 61 8 4 2
28 62 7 6 1
28 63 9 4 1
28 64 9 4 2
28 65 9 4 2
28 66 7 5 3
28 67 9 5 1
28 68 9 4 3
28 69 9 5 1
28 70 8 5 3
28 71 9 5 2
28 72 7 4 1
28 73 8 5 2
28 74 9 5 1
28 75 7 5 2
28 76 8 6 1
28 77 9 4 2
28 78 7 6 3
28 79 8 4 1
28 80 9 5 3
28 81 8 5 1
28 82 7 4 1
28 83 8 6 3
28 84 8 4 2
28 85 7 4 2
28 86 7 5 1
28 87 7 6 1
28 88 7 4 2
28 89 8 6 2
28 90 9 5 2
28 91 8 6 3
28 92 7 5 2
28 93 8 4 3
28 94 9 4 3
28 95 9 6 3
28 96 7 5 1
28 97 8 4 1
28 98 9 4 1
28 99 8 5 1
28 100 8 6 1
29 30 7 4 1
29 31 7 5 2
29 32 8 4 1
29 33 9 5 3
29 34 7 5 2
29 35 8 6 2
29 36 8 6 2
29 37 8 6 3
29 38 8 4 2
29 39 8 6 1
29 40 7 5 3
29 41 8 6 2
29 42 7 5 1
29 43 7 6 2
29 44 7 6 3
29 45 9 6 3
29 46 9 4 1
29 47 9 6 2
29 48 9 6 1
29 49 9 6 2
29 50 7 6 2
29 51 8 4 3
29 52 9 5 3
29 53 9 5 3
29 54 9 5 3
29 55 7 6 1
29 56 8 5 2
29 57 7 6 3
29 58 7 4 3
29 59 8 4 1
29 60 8 4 3
29 61 9 4 3
29 62 7 4 2
29 63 9 4 1
29 64 9 5 1
29 65 8 4 2
29 66 7 5 2
29 67 9 5 3
29 68 9 6 1
29 69 9 6 1
29 70 9 6 2
29 71 9 4 3
29 72 7 6 1
29 73 8 5 2
29 74 7 4 2
29 75 9 5 1
29 76 8 4 3
29 77 7 5 2
29 78 9 4 1
29 79 8 5 1
29 80 7 6 1
29 81 7 5 3
29 82 7 4 3
29 83 9 6 2
29 84 7 5 3
29 85 7 4 3
29 86 7 5 2
29 87 7 4 3
29 88 7 4 3
29 89 9 5 3
29 90 9 4 3
29 91 8 5 1
29 92 7 5 3
29 93 7 6 2
29 94 9 4 3
29 95 7 5 3
29 96 7 4 1
29 97 9 5 2
29 98 9 5 2
29 99 7 6 2
29 100 8 4 1
30 31 7 4 1
30 32 9 4 2
30 33 9 4 2
30 34 8 4 1
30 35 8 5 3
30 36 9 5 2
30 37 8 5 1
30 38 8 6 3
30 39 9 6 1
30 40 9 6 1
30 41 8 5 2
30 42 8 4 1
30 43 7 5 3
30 44 8 4 3
30 45 9 6 2
30 46 9 6 2
30 47 8 6 1
30 48 9 6 2
30 49 8 4 1
30 50 8 5 1
30 51 7 4 2
30 52 8 5 2
30 53 7 5 2
30 54 9 5 3
30 55 7 5 3
30 56 8 6 3
30 57 7 6 3
30 58 7 6 2
30 59 8 6 1
30 60 8 5 2
30 61 8 4 1
30 62 8 4 2
30 63 9 5 1
30 64 8 6 3
30 65 7 6 1
30 66 8 6 3
30 67 7 5 1
30 68 8 5 2
30 69 9 6 3
30 70 7 5 3
30 71 9 4 2
30 72 9 6 3
30 73 9 4 2
30 74 8 4 1
30 75 7 5 2
30 76 8 5 2
30 77 8 6 2
30 78 9 4 1
30 79 8 5 1
30 80 8 6 2
30 81 9 6 1
30 82 7 6 3
30 83 7 5 2
30 84 8 5 2
30 85 9 6 1
30 86 8 5 1
30 87 9 6 3
30 88 8 6 3
30 89 9 6 2
30 90 7 4 3
30 91 8 4 2
30 92 9 6 1
30 93 9 6 2
30 94 7 6 2
30 95 8 4 1
30 96 8 6 3
30 97 9 6 2
30 98 9 4 3
30 99 9 6 3
30 100 8 4 1
31 32 8 4 1
31 33 7 6 2
31 34 8 6 2
31 35 7 4 3
31 36 7 6 1
31 37 8 6 3
31 38 7 4 1
31 39 9 4 1
31 40 7 4 1
31 41 8 5 1
31 42 9 6 3
31 43 8 6 3
31 44 9 6 2
31 45 9 4 2
31 46 7 5 3
31 47 7 6 1
31 48 7 4 2
31 49 7 5 1
31 50 9 5 2
31 51 8 5 2
31 52 8 6 2
31 53 7 4 3
31 54 8 6 3
31 55 9 5 3
31 56 8 6 2
31 57 9 6 2
31 58 8 5 1
31 59 8 5 1
31 60 8 6 3
31 61 7 4 3
31 62 9 6 1
31 63 9 5 1
31 64 8 6 3
31 65 7 6 1
31 66 7 6 1
31 67 7 4 2
31 68 7 4 1
31 69 8 6 2
31 70 8 6 1
31 71 7 4 1
31 72 7 4 1
31 73 9 6 3
31 74 7 5 3
31 75 9 4 3
31 76 9 5 2
31 77 9 6 1
31 78 9 4 1
31 79 9 5 1
31 80 9 5 1
31 81 9 6 2
31 82 8 5 2
31 83 7 5 3
31 84 7 5 3
31 85 7 5 3
31 86 9 6 3
31 87 8 6 3
31 88 7 5 3
31 89 8 5 1
31 90 8 6 1
31 91 7 6 1
31 92 9 5 1
31 93 8 4 2
31 94 8 6 1
31 95 9 4 3
31 96 9 6 2
31 97 8 4 2
31 98 7 4 3
31 99 9 6 2
31 100 9 5 3
32 33 8 6 3
32 34 7 6 3
32 35 7 5 3
32 36 7 6 1
32 37 9 6 3
32 38 8 5 2
32 39 7 6 3
32 40 9 5 2
32 41 8 5 2
32 42 9 4 3
32 43 8 6 3
32 44 7 4 3
32 45 7 5 2
32 46 7 6 1
32 47 8 5 2
32 48 8 5 2
32 49 9 5 3
32 50 9 6 3
32 51 7 6 1
32 52 7 4 1
32 53 8 5 2
32 54 7 5 2
32 55 7 5 3
32 56 7 5 1
32 57 7 5 3
32 58 7 6 2
32 59 8 4 1
32 60 7 4 3
32 61 9 6 2
32 62 7 6 2
32 63 8 4 1
32 64 8 5 3
32 65 8 5 3
32 66 7 5 1
32 67 7 6 1
32 68 9 4 1
32 69 7 4 2
32 70 7 5 1
32 71 9 6 2
32 72 7 6 3
32 73 7 6 3
32 74 8 6 3
32 75 9 6 3
32 76 7 5 3
32 77 7 5 1
32 78 9 4 1
32 79 9 4 3
32 80 9 6 1
32 81 8 5 3
32 82 9 6 2
32 83 9 4 3
32 84 8 4 1
32 85 7 6 1
32 86 8 6 2
32 87 9 4 3
32 88 9 6 2
32 89 8 5 3
32 90 9 4 3
32 91 8 5 3
32 92 7 5 1
32 93 7 4 2
32 94 8 4 3
32 95 8 6 2
32 96 7 4 3
32 97 8 5 2
32 98 9 6 3
32 99 9 4 2
32 100 9 5 1
33 34 9 4 1
33 35 9 4 3
33 36 9 6 2
33 37 8 4 1
33 38 7 5 1
33 39 7 6 1
33 40 9 5 2
33 41 7 6 2
33 42 9 4 2
33 43 8 5 3
33 44 7 6 2
33 45 9 6 2
33 46 8 4 1
33 47 8 6 3
33 48 8 4 3
33 49 9 5 3
33 50 7 5 3
33 51 9 4 1
33 52 8 6 3
33 53 8 5 3
33 54 8 5 2
33 55 8 5 1
33 56 7 4 2
33 57 8 5 1
33 58 9 5 2
33 59 9 4 3
33 60 8 6 1
33 61 9 4 1
33 62 7 6 3
33 63 7 4 2
33 64 9 6 2
33 65 7 6 3
33 66 9 6 2
33 67 7 4 1
33 68 8 6 2
33 69 7 4 2
33 70 9 6 1
33 71 9 5 1
33 72 8 4 3
33 73 7 6 2
33 74 7 6 3
33 75 7 5 1
33 76 9 4 1
33 77 8 4 1
33 78 8 6 2
33 79 8 5 2
33 80 9 6 2
33 81 9 5 2
33 82 8 4 2
33 83 8 4 1
33 84 9 6 1
33 85 7 5 1
33 86 8 5 2
33 87 7 6 1
33 88 9 4 2
33 89 9 5 3
33 90 8 6 2
33 91 8 4 2
33 92 9 5 3
33 93 8 4 3
33 94 8 5 1
33 95 9 6 1
33 96 8 4 2
33 97 7 5 1
33 98 9 6 1
33 99 9 5 2
33 100 7 6 3
34 35 8 5 1
34 36 9 6 1
34 37 9 4 3
34 38 7 5 1
34 39 9 5 1
34 40 7 6 3
34 41 7 4 1
34 42 8 5 3
34 43 8 5 2
34 44 7 6 2
34 45 9 4 1
34 46 8 6 1
34 47 7 6 1
34 48 8 4 1
34 49 7 4 2
34 50 9 4 2
34 51 8 5 2
34 52 9 4 3
34 53 8 4 1
34 54 7 6 3
34 55 9 5 2
34 56 9 4 2
34 57 8 4 2
34 58 9 4 2
34 59 9 6 3
34 60 7 5 3
34 61 7 5 1
34 62 7 6 3
34 63 7 5 1
34 64 9 4 3
34 65 8 5 1
34 66 8 5 2
34 67 9 5 3
34 68 8 4 2
34 69 7 4 3
34 70 8 5 2
34 71 8 4 2
34 72 7 6 3
34 73 7 4 2
34 74 8 4 2
34 75 7 4 2
34 76 7 4 1
34 77 7 4 1
34 78 9 5 2
34 79 9 4 3
34 80 9 5 3
34 81 8 6 3
34 82 9 4 1
34 83 9 5 1
34 84 8 4 3
34 85 7 5 3
34 86 9 5 1
34 87 9 4 2
34 88 8 6 1
34 89 7 4 1
34 90 9 5 3
34 91 7 6 2
34 92 9 5 1
34 93 8 6 1
34 94 9 4 3
34 95 9 4 2
34 96 7 5 1
34 97 8 5 2
34 98 8 5 1
34 99 8 6 2
34 100 9 4 3
35 36 7 5 3
35 37 9 5 1
35 38 8 6 2
35 39 8 4 1
35 40 9 4 2
35 41 9 4 3
35 42 8 4 1
35 43 9 5 3
35 44 7 6 1
35 45 9 4 3
35 46 7 4 1
35 47 9 6 3
35 48 7 5 3
35 49 9 4 3
35 50 7 6 3
35 51 8 4 2
35 52 7 6 1
35 53 9 5 3
35 54 7 6 2
35 55 7 5 1
35 56 8 5 2
35 57 9 5 3
35 58 8 4 3
35 59 7 6 3
35 60 8 6 1
35 61 9 6 3
35 62 7 5 2
35 63 9 4 2
35 64 9 5 1
35 65 9 5 3
35 66 8 5 1
35 67 7 6 2
35 68 9 4 2
35 69 8 5 2
35 70 7 5 1
35 71 8 5 3
35 72 8 5 3
35 73 7 5 3
35 74 7 6 1
35 75 8 6 3
35 76 9 6 2
35 77 7 4 3
35 78 9 5 2
35 79 9 4 1
35 80 8 6 3
35 81 7 5 2
35 82 7 6 2
35 83 9 5 3
35 84 9 5 2
35 85 9 4 2
35 86 7 5 3
35 87 8 5 1
35 88 9 5 1
35 89 8 5 2
35 90 7 5 3
35 91 9 5 2
35 92 8 4 1
35 93 8 4 2
35 94 7 5 3
35 95 8 6 3
35 96 8 4 3
35 97 9 6 3
35 98 9 4 2
35 99 8 6 2
35 100 9 5 1
36 37 7 6 1
36 38 7 6 3
36 39 9 5 3
36 40 9 5 3
36 41 9 5 2
36 42 9 5 2
36 43 7 6 3
36 44 9 4 3
36 45 8 4 3
36 46 7 5 3
36 47 8 5 3
36 48 8 6 3
36 49 7 4 3
36 50 8 5 3
36 51 7 5 2
36 52 8 6 2
36 53 9 6 1
36 54 9 6 2
36 55 9 5 3
36 56 7 6 1
36 57 7 4 2
36 58 8 5 3
36 59 8 5 1
36 60 8 6 1
36 61 8 6 3
36 62 7 5 3
36 63 7 6 3
36 64 8 6 1
36 65 7 6 3
36 66 7 4 2
36 67 7 5 3
36 68 7 5 1
36 69 9 4 2
36 70 8 4 2
36 71 8 5 2
36 72 8 5 3
36 73 7 6 1
36 74 9 4 2
36 75 8 6 3
36 76 7 5 1
36 77 7 4 2
36 78 8 6 3
36 79 7 5 2
36 80 9 6 2
36 81 7 5 3
36 82 9 6 2
36 83 8 5 2
36 84 7 4 1
36 85 7 4 1
36 86 9 4 1
36 87 7 4 2
36 88 8 5 3
36 89 9 6 1
36 90 9 4 3
36 91 7 5 3
36 92 7 4 3
36 93 8 4 2
36 94 7 4 1
36 95 9 5 3
36 96 7 4 1
36 97 8 6 2
36 98 9 4 1
36 99 9 6 2
36 100 8 6 3
37 38 9 4 3
37 39 9 4 1
37 40 8 6 2
37 41 8 4 1
37 42 7 5 1
37 43 7 4 3
37 44 8 5 1
37 45 9 5 3
37 46 8 4 2
37 47 9 4 1
37 48 8 6 2
37 49 8 6 1
37 50 9 6 1
37 51 9 4 3
37 52 8 5 2
37 53 9 5 2
37 54 7 4 1
37 55 8 6 1
37 56 8 5 1
37 57 9 5 2
37 58 7 5 2
37 59 9 6 1
37 60 9 5 2
37 61 8 4 1
37 62 7 4 3
37 63 9 4 1
37 64 7 5 3
37 65 8 6 2
37 66 8 6 2
37 67 7 5 1
37 68 9 6 1
37 69 9 6 1
37 70 8 4 1
37 71 8 5 3
37 72 8 4 1
37 73 9 5 3
37 74 8 5 1
37 75 8 4 3
37 76 8 5 3
37 77 9 4 2
37 78 9 5 1
37 79 7 5 2
37 80 9 6 3
37 81 7 5 3
37 82 8 5 3
37 83 7 5 2
37 84 9 5 2
37 85 9 4 2
37 86 7 4 1
37 87 8 5 1
37 88 9 6 3
37 89 7 4 3
37 90 7 6 1
37 91 7 4 1
37 92 9 4 2
37 93 8 6 2
37 94 9 4 3
37 95 9 5 2
37 96 7 5 1
37 97 9 5 3
37 98 8 5 2
37 99 9 6 3
37 100 8 4 2
38 39 7 5 2
38 40 9 4 1
38 41 8 5 2
38 42 9 5 3
38 43 9 6 2
38 44 9 5 2
38 45 8 4 1
38 46 7 6 3
38 47 9 6 2
38 48 9 5 3
38 49 9 4 3
38 50 8 6 1
38 51 9 4 1
38 52 9 4 1
38 53 7 6 1
38 54 7 5 1
38 55 9 4 1
38 56 9 4 3
38 57 8 4 3
38 58 7 6 2
38 59 8 5 3
38 60 8 6 2
38 61 9 4 1
38 62 9 6 2
38 63 7 5 2
38 64 9 6 3
38 65 7 4 1
38 66 9 5 2
38 67 7 6 2
38 68 8 5 2
38 69 7 6 2
38 70 7 6 1
38 71 8 5 1
38 72 8 6 2
38 73 7 6 1
38 74 9 5 2
38 75 9 4 2
38 76 9 5 2
38 77 8 5 3
38 78 9 5 1
38 79 9 4 3
38 80 8 5 1
38 81 7 4 1
38 82 9 4 1
38 83 7 4 3
38 84 8 4 2
38 85 9 6 3
38 86 7 4 3
38 87 7 5 1
38 88 7 6 3
38 89 9 5 2
38 90 8 6 3
38 91 8 6 2
38 92 9 6 3
38 93 8 5 3
38 94 8 6 2
38 95 7 4 1
38 96 9 6 3
38 97 9 6 2
38 98 7 5 1
38 99 9 4 1
38 100 9 4 2
39 40 7 6 3
39 41 9 4 1
39 42 8 5 2
39 43 9 4 2
39 44 9 4 2
39 45 9 5 1
39 46 8 5 1
39 47 9 6 3
39 48 8 5 2
39 49 9 6 1
39 50 7 5 1
39 51 9 6 2
39 52 7 6 3
39 53 8 4 1
39 54 7 4 2
39 55 9 4 2
39 56 9 6 2
39 57 8 6 3
39 58 9 6 2
39 59 8 4 3
39 60 7 6 1
39 61 9 5 3
39 62 7 6 2
39 63 8 4 2
39 64 7 5 1
39 65 8 6 1
39 66 9 6 3
39 67 7 6 1
39 68 7 6 2
39 69 8 4 3
39 70 7 5 2
39 71 8 5 1
39 72 7 5 2
39 73 7 4 1
39 74 7 5 3
39 75 8 5 3
39 76 7 4 1
39 77 7 6 2
39 78 9 6 3
39 79 9 5 1
39 80 8 5 1
39 81 9 6 2
39 82 9 5 2
39 83 9 4 3
39 84 9 6 3
39 85 9 5 2
39 86 7 5 2
39 87 9 6 2
39 88 7 4 3
39 89 8 6 1
39 90 9 6 1
39 91 7 4 3
39 92 7 5 2
39 93 7 5 1
39 94 7 5 1
39 95 9 6 1
39 96 8 6 3
39 97 9 4 3
39 98 7 6 3
39 99 8 4 1
39 100 8 6 3
40 41 9 6 3
40 42 9 5 3
40 43 7 6 2
40 44 9 4 1
40 45 9 4 2
40 46 9 5 3
40 47 8 6 3
40 48 8 5 1
40 49 9 6 2
40 50 8 6 3
40 51 7 6 2
40 52 9 5 3
40 53 7 4 1
40 54 9 4 1
40 55 7 5 1
40 56 7 6 1
40 57 9 5 3
40 58 9 5 1
40 59 7 4 3
40 60 9 5 2
40 61 7 4 3
40 62 9 4 1
40 63 9 6 2
40 64 9 5 3
40 65 8 6 2
40 66 9 6 2
40 67 7 6 3
40 68 7 4 2
40 69 7 6 3
40 70 9 4 3
40 71 8 4 2
40 72 8 6 1
40 73 8 6 1
40 74 9 6 1
40 75 9 5 3
40 76 9 5 2
40 77 8 6 1
40 78 8 4 3
40 79 8 6 3
40 80 8 6 3
40 81 8 6 1
40 82 9 5 3
40 83 8 6 1
40 84 7 5 2
40 85 8 4 1
40 86 9 4 2
40 87 9 5 2
40 88 7 4 1
40 89 9 6 2
40 90 7 5 2
40 91 9 5 1
40 92 8 5 1
40 93 9 5 1
40 94 9 6 3
40 95 7 5 2
40 96 8 6 1
40 97 8 6 2
40 98 8 4 3
40 99 8 4 3
40 100 7 4 2
41 42 9 4 3
41 43 8 5 3
41 44 7 4 2
41 45 9 5 2
41 46 9 5 2
41 47 8 5 1
41 48 9 4 1
41 49 9 5 2
41 50 8 6 3
41 51 9 5 1
41 52 7 6 2
41 53 8 5 3
41 54 7 5 1
41 55 7 5 3
41 56 8 4 1
41 57 9 6 2
41 58 7 4 1
41 59 8 4 2
41 60 8 5 1
41 61 9 5 1
41 62 7 5 3
41 63 8 5 3
41 64 8 5 2
41 65 8 4 2
41 66 9 5 1
41 67 7 4 3
41 68 7 6 2
41 69 9 4 2
41 70 8 5 1
41 71 8 5 2
41 72 8 5 3
41 73 8 4 3
41 74 7 6 3
41 75 8 4 2
41 76 7 6 2
41 77 9 4 2
41 78 8 4 3
41 79 8 4 1
41 80 9 6 3
41 81 7 4 2
41 82 7 5 2
41 83 8 5 1
41 84 8 5 2
41 85 7 4 2
41 86 9 5 3
41 87 7 6 1
41 88 9 4 3
41 89 7 5 1
41 90 7 6 1
41 91 7 5 1
41 92 8 4 1
41 93 7 6 2
41 94 8 5 2
41 95 8 6 3
41 96 8 4 3
41 97 8 5 1
41 98 8 5 2
41 99 7 5 3
41 100 8 6 2
42 43 9 5 1
42 44 9 4 2
42 45 8 6 3
42 46 9 5 1
42 47 8 4 3
42 48 8 6 2
42 49 7 5 1
42 50 9 6 2
42 51 7 4 2
42 52 7 4 3
42 53 9 4 2
42 54 7 5 1
42 55 8 6 1
42 56 8 5 2
42 57 8 6 3
42 58 9 6 3
42 59 7 6 1
42 60 9 5 1
42 61 8 5 1
42 62 7 6 1
42 63 7 6 2
42 64 7 4 2
42 65 9 5 1
42 66 8 6 3
42 67 7 5 2
42 68 7 4 2
42 69 8 6 1
42 70 7 6 1
42 71 9 6 2
42 72 8 4 2
42 73 9 6 2
42 74 7 5 1
42 75 8 4 1
42 76 9 6 1
42 77 7 4 1
42 78 8 6 3
42 79 9 4 1
42 80 9 4 3
42 81 8 4 1
42 82 9 6 2
42 83 8 4 3
42 84 8 5 3
42 85 7 6 2
42 86 9 6 2
42 87 7 4 1
42 88 8 5 3
42 89 9 4 2
42 90 7 4 3
42 91 7 6 2
42 92 9 5 1
42 93 9 6 2
42 94 7 6 3
42 95 9 6 2
42 96 9 6 2
42 97 7 6 1
42 98 8 5 1
42 99 9 6 1
42 100 9 6 2
43 44 9 6 2
43 45 8 6 2
43 46 9 6 1
43 47 9 6 3
43 48 7 4 2
43 49 8 5 3
43 50 9 5 2
43 51 7 6 1
43 52 8 6 2
43 53 9 5 2
43 54 9 6 1
43 55 8 6 1
43 56 8 5 1
43 57 9 5 2
43 58 9 4 2
43 59 7 5 2
43 60 7 6 1
43 61 7 5 1
43 62 8 4 3
43 63 9 5 2
43 64 9 6 1
43 65 7 5 3
43 66 7 5 1
43 67 8 5 1
43 68 7 4 2
43 69 9 4 2
43 70 8 6 3
43 71 9 4 3
43 72 9 5 3
43 73 9 5 3
43 74 9 6 2
43 75 8 6 3
43 76 7 5 2
43 77 9 5 3
43 78 8 4 2
43 79 9 4 3
43 80 9 4 1
43 81 8 4 1
43 82 8 6 2
43 83 9 4 2
43 84 9 4 2
43 85 9 4 1
43 86 8 4 2
43 87 8 5 1
43 88 8 5 1
43 89 7 4 1
43 90 8 4 3
43 91 8 5 1
43 92 9 4 3
43 93 8 4 1
43 94 8 5 3
43 95 9 5 2
43 96 9 6 2
43 97 8 6 1
43 98 8 5 1
43 99 8 4 2
43 100 9 5 2
44 45 8 5 1
44 46 7 4 1
44 47 8 4 2
44 48 9 5 2
44 49 8 6 1
44 50 9 6 3
44 51 8 4 2
44 52 9 4 2
44 53 9 6 2
44 54 7 6 3
44 55 9 6 2
44 56 8 4 3
44 57 8 5 1
44 58 7 4 1
44 59 9 5 1
44 60 7 5 2
44 61 8 5 2
44 62 9 5 2
44 63 7 6 2
44 64 7 4 2
44 65 9 5 1
44 66 7 5 2
44 67 8 6 2
44 68 8 6 2
44 69 9 4 2
44 70 8 5 1
44 71 7 5 1
44 72 9 6 3
44 73 9 6 1
44 74 7 4 1
44 75 8 6 3
44 76 7 5 3
44 77 8 6 2
44 78 8 4 1
44 79 9 5 2
44 80 7 6 2
44 81 8 6 2
44 82 7 4 1
44 83 8 5 3
44 84 9 4 3
44 85 9 4 1
44 86 8 4 2
44 87 8 5 2
44 88 9 4 3
44 89 7 4 2
44 90 9 6 3
44 91 9 4 1
44 92 9 6 3
44 93 9 5 3
44 94 8 6 1
44 95 9 6 1
44 96 9 6 2
44 97 8 6 3
44 98 8 4 1
44 99 8 4 2
44 100 9 6 2
45 46 8 4 1
45 47 9 5 2
45 48 9 6 3
45 49 7 4 2
45 50 9 6 1
45 51 7 5 3
45 52 8 4 1
45 53 8 6 2
45 54 7 6 2
45 55 8 5 1
45 56 9 4 2
45 57 8 4 2
45 58 8 5 3
45 59 7 4 1
45 60 7 5 3
45 61 9 4 1
45 62 7 4 1
45 63 9 6 2
45 64 8 5 2
45 65 8 5 3
45 66 7 5 3
45 67 7 6 2
45 68 9 5 1
45 69 7 5 1
45 70 7 4 3
45 71 9 4 2
45 72 9 6 3
45 73 8 6 3
45 74 9 4 1
45 75 7 5 3
45 76 9 5 2
45 77 7 5 2
45 78 7 6 3
45 79 9 6 2
45 80 7 6 1
45 81 8 4 2
45 82 9 4 1
45 83 8 5 2
45 84 9 6 3
45 85 8 4 3
45 86 9 4 3
45 87 8 4 2
45 88 9 5 2
45 89 7 4 3
45 90 7 4 3
45 91 8 5 2
45 92 8 6 1
45 93 9 5 3
45 94 9 4 1
45 95 7 5 2
45 96 9 4 1
45 97 7 4 3
45 98 7 4 3
45 99 7 6 2
45 100 7 4 1
46 47 8 6 3
46 48 7 6 2
46 49 8 4 3
46 50 8 4 1
46 51 7 6 1
46 52 9 5 1
46 53 8 6 3
46 54 8 6 2
46 55 8 4 2
46 56 8 4 2
46 57 7 4 1
46 58 9 4 2
46 59 7 5 1
46 60 9 4 3
46 61 8 5 3
46 62 8 6 1
46 63 8 4 2
46 64 7 4 3
46 65 7 6 3
46 66 7 4 1
46 67 8 5 3
46 68 8 5 3
46 69 9 4 1
46 70 7 6 3
46 71 8 5 3
46 72 9 4 1
46 73 8 6 2
46 74 8 5 2
46 75 8 6 2
46 76 7 4 3
46 77 9 6 2
46 78 8 5 1
46 79 7 5 3
46 80 8 6 3
46 81 9 5 3
46 82 9 4 2
46 83 8 6 3
46 84 9 5 2
46 85 9 4 1
46 86 9 5 2
46 87 9 5 2
46 88 7 6 2
46 89 7 6 1
46 90 9 6 2
46 91 9 4 3
46 92 7 6 2
46 93 7 4 2
46 94 7 6 3
46 95 7 5 2
46 96 8 4 1
46 97 7 6 3
46 98 9 6 1
46 99 8 6 1
46 100 8 6 2
47 48 7 5 3
47 49 8 4 1
47 50 9 5 2
47 51 9 5 3
47 52 8 5 3
47 53 9 6 3
47 54 7 4 2
47 55 8 5 1
47 56 7 4 2
47 57 9 6 3
47 58 8 6 1
47 59 9 4 2
47 60 7 6 2
47 61 7 6 3
47 62 8 6 3
47 63 7 5 1
47 64 7 4 2
47 65 9 6 2
47 66 9 5 1
47 67 9 4 2
47 68 9 6 2
47 69 8 5 3
47 70 8 6 3
47 71 7 4 3
47 72 8 5 1
47 73 7 6 2
47 74 8 4 3
47 75 8 5 3
47 76 9 4 2
47 77 8 5 1
47 78 8 6 2
47 79 9 6 3
47 80 7 6 1
47 81 9 5 1
47 82 9 5 2
47 83 7 6 1
47 84 8 4 3
47 85 7 6 1
47 86 7 4 3
47 87 7 6 1
47 88 9 6 3
47 89 8 4 3
47 90 8 4 2
47 91 7 4 2
47 92 8 6 3
47 93 7 6 2
47 94 8 4 3
47 95 9 5 1
47 96 7 5 2
47 97 7 4 1
47 98 7 6 3
47 99 9 5 2
47 100 8 6 3
48 49 9 6 3
48 50 7 6 2
48 51 9 5 3
48 52 9 4 1
48 53 8 5 1
48 54 7 6 3
48 55 8 6 3
48 56 8 5 2
48 57 7 6 2
48 58 8 5 2
48 59 8 5 1
48 60 9 4 1
48 61 9 6 2
48 62 8 6 2
48 63 8 6 3
48 64 9 6 1
48 65 7 5 3
48 66 8 4 3
48 67 8 6 3
48 68 7 6 1
48 69 8 5 1
48 70 7 6 2
48 71 7 4 1
48 72 9 6 2
48 73 7 5 2
48 74 8 5 1
48 75 8 5 3
48 76 7 5 1
48 77 8 6 1
48 78 7 5 2
48 79 8 6 1
48 80 9 4 1
48 81 9 5 1
48 82 9 4 2
48 83 8 4 3
48 84 7 4 3
48 85 7 6 3
48 86 7 4 1
48 87 9 4 2
48 88 9 6 1
48 89 9 4 3
48 90 7 6 1
48 91 7 6 1
48 92 7 4 3
48 93 7 4 3
48 94 9 4 3
48 95 7 5 1
48 96 8 5 2
48 97 7 5 2
48 98 9 6 3
48 99 9 5 3
48 100 7 5 2
49 50 9 5 2
49 51 9 5 3
49 52 9 5 2
49 53 9 5 2
49 54 7 4 2
49 55 9 4 2
49 56 9 5 1
49 57 8 6 3
49 58 9 5 2
49 59 9 6 2
49 60 8 5 3
49 61 7 5 2
49 62 8 6 3
49 63 9 6 3
49 64 8 4 3
49 65 8 5 2
49 66 7 5 1
49 67 7 6 1
49 68 7 4 3
49 69 9 6 3
49 70 7 5 1
49 71 9 5 1
49 72 7 6 3
49 73 9 5 3
49 74 9 5 2
49 75 7 6 3
49 76 9 5 1
49 77 8 5 1
49 78 7 5 2
49 79 7 4 3
49 80 8 5 3
49 81 9 5 3
49 82 7 6 3
49 83 9 6 2
49 84 9 4 2
49 85 9 4 2
49 86 8 5 2
49 87 9 5 3
49 88 8 6 2
49 89 7 4 3
49 90 9 5 1
49 91 7 6 2
49 92 7 6 1
49 93 7 6 2
49 94 7 4 3
49 95 8 5 3
49 96 8 4 3
49 97 8 6 1
49 98 7 6 3
49 99 9 4 3
49 100 8 4 2
50 51 7 6 1
50 52 9 6 2
50 53 8 4 3
50 54 7 4 3
50 55 7 5 2
50 56 9 6 1
50 57 7 4 1
50 58 7 4 3
50 59 7 5 2
50 60 7 4 2
50 61 7 5 2
50 62 7 6 3
50 63 7 5 3
50 64 9 5 2
50 65 8 5 2
50 66 7 5 3
50 67 9 5 3
50 68 8 6 2
50 69 9 6 1
50 70 8 5 1
50 71 7 6 3
50 72 7 6 2
50 73 9 4 1
50 74 9 4 2
50 75 8 5 2
50 76 8 6 1
50 77 8 6 2
50 78 9 6 3
50 79 8 4 2
50 80 7 5 2
50 81 8 6 1
50 82 7 4 1
50 83 7 6 1
50 84 8 4 2
50 85 8 6 1
50 86 8 4 3
50 87 7 4 2
50 88 8 5 2
50 89 7 5 2
50 90 9 5 1
50 91 7 5 3
50 92 9 4 3
50 93 9 5 3
50 94 9 5 1
50 95 7 4 3
50 96 7 5 3
50 97 7 6 1
50 98 8 4 3
50 99 7 5 3
50 100 9 6 2
51 52 9 4 2
51 53 8 4 2
51 54 8 4 2
51 55 7 6 3
51 56 7 4 2
51 57 8 6 1
51 58 8 6 2
51 59 8 5 2
51 60 7 4 2
51 61 7 4 3
51 62 8 6 3
51 63 8 4 3
51 64 7 5 1
51 65 7 4 2
51 66 9 5 3
51 67 7 5 3
51 68 7 6 2
51 69 8 6 1
51 70 9 4 2
51 71 9 4 1
51 72 9 4 2
51 73 7 4 1
51 74 8 4 2
51 75 7 4 2
51 76 9 6 2
51 77 8 4 1
51 78 9 4 1
51 79 8 4 2
51 80 7 6 3
51 81 8 5 3
51 82 9 5 1
51 83 8 4 2
51 84 9 6 1
51 85 7 5 3
51 86 8 5 2
51 87 8 5 1
51 88 9 5 3
51 89 8 4 2
51 90 8 6 3
51 91 9 5 1
51 92 7 5 3
51 93 7 6 2
51 94 7 6 2
51 95 9 4 2
51 96 7 5 3
51 97 7 5 3
51 98 7 6 2
51 99 7 5 2
51 100 9 6 3
52 53 8 4 2
52 54 7 5 1
52 55 7 5 1
52 56 8 5 3
52 57 9 6 3
52 58 7 5 1
52 59 7 5 2
52 60 8 5 1
52 61 8 5 1
52 62 8 6 1
52 63 7 4 2
52 64 9 5 2
52 65 7 4 2
52 66 9 6 2
52 67 8 6 1
52 68 7 4 3
52 69 8 4 1
52 70 8 4 1
52 71 7 5 1
52 72 8 5 2
52 73 8 4 1
52 74 8 5 3
52 75 7 5 1
52 76 9 5 2
52 77 9 5 2
52 78 8 5 2
52 79 8 4 3
52 80 9 5 1
52 81 7 4 2
52 82 7 5 2
52 83 7 4 3
52 84 8 6 2
52 85 9 6 3
52 86 9 5 1
52 87 8 6 2
52 88 7 5 2
52 89 9 6 2
52 90 8 6 3
52 91 9 6 2
52 92 7 5 3
52 93 9 6 1
52 94 8 6 3
52 95 7 5 2
52 96 7 5 3
52 97 8 5 3
52 98 7 4 1
52 99 7 6 1
52 100 8 6 1
53 54 7 6 2
53 55 7 6 1
53 56 7 4 1
53 57 7 4 3
53 58 9 4 3
53 59 9 4 3
53 60 8 6 3
53 61 9 6 3
53 62 7 4 2
53 63 7 5 1
53 64 7 6 2
53 65 7 6 1
53 66 8 5 1
53 67 9 5 2
53 68 8 4 3
53 69 7 4 3
53 70 7 4 3
53 71 8 6 2
53 72 7 6 3
53 73 8 4 3
53 74 8 6 2
53 75 7 5 1
53 76 8 6 2
53 77 7 6 2
53 78 8 6 2
53 79 7 4 2
53 80 7 6 2
53 81 9 4 1
53 82 7 4 2
53 83 8 4 2
53 84 9 4 2
53 85 7 4 1
53 86 9 6 1
53 87 9 4 3
53 88 7 6 2
53 89 7 6 2
53 90 7 6 1
53 91 7 6 1
53 92 7 4 1
53 93 9 6 2
53 94 9 4 2
53 95 7 6 2
53 96 8 5 3
53 97 8 5 3
53 98 7 5 3
53 99 8 6 1
53 100 8 6 2
54 55 9 4 1
54 56 7 4 1
54 57 7 6 1
54 58 9 5 1
54 59 9 6 2
54 60 8 6 3
54 61 9 6 3
54 62 7 5 2
54 63 8 6 2
54 64 8 5 1
54 65 7 4 1
54 66 9 5 3
54 67 9 6 2
54 68 8 6 1
54 69 7 5 2
54 70 9 4 1
54 71 7 5 2
54 72 9 6 2
54 73 8 5 2
54 74 8 4 3
54 75 7 6 1
54 76 7 5 2
54 77 8 5 2
54 78 8 6 1
54 79 9 5 1
54 80 7 6 2
54 81 8 5 1
54 82 9 5 1
54 83 8 5 3
54 84 7 5 2
54 85 7 6 1
54 86 8 6 3
54 87 9 6 3
54 88 9 6 3
54 89 7 5 2
54 90 8 6 2
54 91 9 4 1
54 92 9 5 3
54 93 8 6 3
54 94 8 4 2
54 95 7 4 1
54 96 8 4 2
54 97 9 4 1
54 98 9 5 1
54 99 9 6 2
54 100 7 6 1
55 56 9 6 1
55 57 9 4 2
55 58 8 6 2
55 59 9 5 1
55 60 7 4 1
55 61 9 5 1
55 62 7 4 2
55 63 9 6 2
55 64 9 5 2
55 65 8 6 1
55 66 9 4 1
55 67 8 4 2
55 68 7 4 2
55 69 7 5 2
55 70 8 4 2
55 71 9 4 1
55 72 9 5 3
55 73 9 4 3
55 74 7 5 1
55 75 7 4 1
55 76 7 6 3
55 77 7 5 1
55 78 8 5 3
55 79 8 6 2
55 80 8 4 3
55 81 7 4 3
55 82 8 5 1
55 83 7 6 2
55 84 9 6 1
55 85 7 4 1
55 86 8 6 3
55 87 8 4 1
55 88 7 6 3
55 89 9 5 3
55 90 7 5 3
55 91 9 6 1
55 92 7 5 2
55 93 7 6 3
55 94 8 4 3
55 95 7 6 3
55 96 9 6 2
55 97 7 4 3
55 98 7 6 3
55 99 8 5 3
55 100 8 6 2
56 57 7 4 3
56 58 9 5 2
56 59 7 5 1
56 60 7 5 2
56 61 7 6 1
56 62 9 5 2
56 63 9 6 1
56 64 8 4 1
56 65 7 5 3
56 66 8 6 1
56 67 9 5 3
56 68 8 6 2
56 69 8 5 1
56 70 7 6 3
56 71 7 6 1
56 72 8 4 3
56 73 7 6 3
56 74 7 5 1
56 75 7 4 1
56 76 7 5 1
56 77 9 6 1
56 78 8 6 3
56 79 7 5 1
56 80 7 6 3
56 81 9 5 2
56 82 9 4 1
56 83 9 5 3
56 84 9 4 2
56 85 7 5 1
56 86 9 4 1
56 87 7 4 1
56 88 8 4 2
56 89 8 5 1
56 90 9 5 2
56 91 9 5 2
56 92 7 5 2
56 93 8 4 1
56 94 7 5 1
56 95 7 6 1
56 96 7 5 1
56 97 7 5 2
56 98 9 4 3
56 99 7 6 3
56 100 9 5 2
57 58 7 4 1
57 59 9 5 2
57 60 9 4 2
57 61 7 4 1
57 62 9 5 3
57 63 7 5 3
57 64 7 5 1
57 65 7 4 2
57 66 8 5 1
57 67 7 6 3
57 68 9 6 2
57 69 8 4 2
57 70 8 5 2
57 71 9 4 3
57 72 7 5 2
57 73 9 6 2
57 74 8 6 2
57 75 9 6 1
57 76 8 6 1
57 77 8 4 1
57 78 7 4 1
57 79 8 4 1
57 80 9 6 3
57 81 8 4 1
57 82 9 6 1
57 83 7 6 1
57 84 7 6 2
57 85 9 5 3
57 86 9 5 1
57 87 8 6 2
57 88 9 6 1
57 89 7 6 2
57 90 7 6 2
57 91 8 5 2
57 92 9 5 3
57 93 9 4 2
57 94 9 5 3
57 95 9 6 2
57 96 8 4 3
57 97 8 4 3
57 98 7 5 2
57 99 8 5 3
57 100 7 4 3
58 59 7 6 1
58 60 9 6 3
58 61 9 6 2
58 62 8 4 3
58 63 9 6 1
58 64 8 6 2
58 65 9 4 2
58 66 9 6 2
58 67 9 4 2
58 68 7 5 3
58 69 9 5 1
58 70 7 4 1
58 71 9 6 1
58 72 7 6 3
58 73 9 4 2
58 74 8 4 2
58 75 8 5 1
58 76 8 5 2
58 77 8 5 3
58 78 7 4 2
58 79 7 5 3
58 80 8 5 3
58 81 8 6 2
58 82 8 4 2
58 83 9 4 3
58 84 8 6 2
58 85 9 4 2
58 86 9 6 1
58 87 8 5 1
58 88 9 4 2
58 89 7 5 1
58 90 7 5 1
58 91 7 5 2
58 92 7 5 1
58 93 9 5 2
58 94 8 4 2
58 95 7 5 3
58 96 7 6 1
58 97 7 4 1
58 98 9 4 1
58 99 9 5 2
58 100 7 5 3
59 60 7 4 1
59 61 9 5 2
59 62 9 5 3
59 63 7 5 3
59 64 9 5 3
59 65 7 5 2
59 66 7 4 2
59 67 9 5 1
59 68 9 5 1
59 69 8 4 3
59 70 7 5 1
59 71 9 5 2
59 72 8 5 2
59 73 7 4 3
59 74 8 6 3
59 75 8 5 3
59 76 8 4 2
59 77 9 4 3
59 78 7 5 1
59 79 8 5 1
59 80 7 4 2
59 81 7 5 2
59 82 9 6 3
59 83 9 5 2
59 84 9 6 2
59 85 9 4 1
59 86 8 5 2
59 87 8 4 1
59 88 9 5 3
59 89 8 4 3
59 90 7 5 3
59 91 9 5 1
59 92 7 4 1
59 93 7 5 3
59 94 7 6 3
59 95 7 5 2
59 96 7 6 3
59 97 8 5 1
59 98 8 6 2
59 99 8 4 1
59 100 7 4 1
60 61 7 6 2
60 62 7 6 2
60 63 9 6 2
60 64 8 5 2
60 65 8 5 3
60 66 8 4 2
60 67 9 6 2
60 68 8 6 2
60 69 7 4 1
60 70 7 4 2
60 71 7 4 1
60 72 8 6 2
60 73 7 5 3
60 74 9 6 2
60 75 8 5 1
60 76 7 5 3
60 77 7 5 1
60 78 9 5 2
60 79 8 4 3
60 80 8 5 2
60 81 8 5 1
60 82 8 4 2
60 83 9 5 2
60 84 9 4 2
60 85 7 6 1
60 86 9 5 3
60 87 9 5 1
60 88 8 4 2
60 89 7 5 3
60 90 7 6 3
60 91 7 6 3
60 92 8 6 1
60 93 8 6 1
60 94 7 5 2
60 95 8 4 1
60 96 8 5 1
60 97 7 4 2
60 98 7 5 2
60 99 9 5 2
60 100 8 5 2
61 62 7 5 2
61 63 9 4 3
61 64 9 6 3
61 65 9 4 2
61 66 7 4 1
61 67 8 5 1
61 68 9 4 2
61 69 7 4 2
61 70 7 6 2
61 71 7 4 1
61 72 7 4 2
61 73 9 4 1
61 74 8 4 3
61 75 7 6 2
61 76 9 6 1
61 77 9 5 1
61 78 7 4 3
61 79 9 6 2
61 80 7 4 3
61 81 7 6 3
61 82 8 6 1
61 83 8 6 1
61 84 7 4 2
61 85 7 5 1
61 86 7 5 1
61 87 9 6 1
61 88 9 6 2
61 89 9 5 3
61 90 7 6 2
61 91 8 4 1
61 92 9 5 3
61 93 7 4 1
61 94 7 4 3
61 95 9 4 3
61 96 8 4 3
61 97 8 5 3
61 98 7 6 2
61 99 9 4 1
61 100 9 6 2
62 63 8 4 2
62 64 9 4 3
62 65 7 5 1
62 66 9 5 3
62 67 9 5 3
62 68 9 5 3
62 69 8 5 1
62 70 8 6 1
62 71 9 6 1
62 72 9 5 2
62 73 9 4 3
62 74 7 5 2
62 75 9 6 2
62 76 7 6 1
62 77 9 5 3
62 78 8 5 2
62 79 9 5 3
62 80 8 4 2
62 81 9 6 3
62 82 7 4 3
62 83 7 5 3
62 84 8 4 3
62 85 7 6 3
62 86 9 6 2
62 87 8 5 3
62 88 8 4 2
62 89 7 6 3
62 90 9 6 2
62 91 9 4 1
62 92 8 6 1
62 93 7 5 3
62 94 9 5 2
62 95 7 4 1
62 96 7 5 1
62 97 7 4 2
62 98 7 6 2
62 99 7 6 3
62 100 9 6 2
63 64 9 6 3
63 65 7 4 1
63 66 7 5 3
63 67 8 4 2
63 68 7 6 3
63 69 8 5 3
63 70 9 4 2
63 71 7 5 3
63 72 8 4 2
63 73 9 4 1
63 74 9 5 3
63 75 7 6 2
63 76 8 4 3
63 77 8 4 2
63 78 8 5 2
63 79 8 6 3
63 80 7 5 3
63 81 9 6 1
63 82 9 6 2
63 83 8 6 2
63 84 8 4 1
63 85 9 5 2
63 86 8 6 3
63 87 9 4 2
63 88 7 4 3
63 89 8 5 1
63 90 8 5 1
63 91 9 4 3
63 92 7 4 3
63 93 8 4 3
63 94 9 5 1
63 95 9 4 2
63 96 7 4 1
63 97 7 6 1
63 98 9 4 3
63 99 8 5 1
63 100 9 5 1
64 65 7 6 2
64 66 7 4 3
64 67 7 4 2
64 68 7 6 2
64 69 8 6 3
64 70 9 4 3
64 71 8 4 1
64 72 9 4 3
64 73 9 4 3
64 74 8 6 1
64 75 8 6 2
64 76 8 4 1
64 77 8 6 1
64 78 7 4 1
64 79 9 6 1
64 80 7 6 1
64 81 7 4 3
64 82 7 4 1
64 83 9 5 3
64 84 7 5 1
64 85 8 5 1
64 86 9 6 3
64 87 8 5 1
64 88 7 4 1
64 89 9 4 2
64 90 7 5 3
64 91 7 6 1
64 92 8 5 1
64 93 7 4 3
64 94 9 6 1
64 95 9 6 3
64 96 9 4 2
64 97 8 4 1
64 98 7 6 3
64 99 7 4 1
64 100 8 6 3
65 66 8 6 3
65 67 7 6 3
65 68 7 6 3
65 69 9 6 3
65 70 7 5 1
65 71 7 6 3
65 72 7 6 2
65 73 8 5 3
65 74 7 4 3
65 75 7 5 2
65 76 8 6 2
65 77 7 6 1
65 78 8 5 3
65 79 9 6 1
65 80 8 4 3
65 81 8 4 3
65 82 8 5 2
65 83 9 4 2
65 84 9 5 2
65 85 8 4 1
65 86 9 4 3
65 87 9 5 2
65 88 9 4 2
65 89 7 6 3
65 90 9 4 2
65 91 8 4 3
65 92 9 5 3
65 93 9 6 3
65 94 8 6 1
65 95 7 4 3
65 96 7 4 3
65 97 8 6 2
65 98 7 4 1
65 99 9 4 2
65 100 8 6 1
66 67 9 6 2
66 68 9 6 1
66 69 9 4 2
66 70 7 5 1
66 71 7 5 3
66 72 9 5 3
66 73 8 5 3
66 74 8 4 3
66 75 8 4 3
66 76 9 6 2
66 77 9 6 3
66 78 9 5 2
66 79 7 6 3
66 80 9 4 2
66 81 7 6 2
66 82 7 5 3
66 83 9 5 3
66 84 7 5 3
66 85 7 5 2
66 86 7 5 3
66 87 9 6 2
66 88 7 6 2
66 89 8 5 3
66 90 8 5 3
66 91 7 6 2
66 92 7 5 2
66 93 7 5 3
66 94 7 6 2
66 95 8 6 1
66 96 9 6 1
66 97 8 6 2
66 98 9 5 3
66 99 9 6 2
66 100 8 4 2
67 68 9 5 1
67 69 8 6 2
67 70 7 6 2
67 71 9 4 3
67 72 9 4 2
67 73 8 6 1
67 74 9 4 3
67 75 8 5 3
67 76 9 6 2
67 77 7 5 2
67 78 9 5 1
67 79 8 5 1
67 80 8 5 2
67 81 7 5 3
67 82 9 6 2
67 83 9 4 1
67 84 9 4 3
67 85 8 6 3
67 86 8 4 2
67 87 8 4 2
67 88 7 4 2
67 89 7 5 3
67 90 9 6 2
67 91 8 5 2
67 92 7 4 3
67 93 9 5 3
67 94 8 6 1
67 95 8 6 2
67 96 7 5 3
67 97 8 4 3
67 98 8 5 2
67 99 7 4 3
67 100 8 4 3
68 69 8 6 3
68 70 8 5 1
68 71 8 4 3
68 72 8 6 1
68 73 7 5 3
68 74 8 5 3
68 75 7 5 3
68 76 9 5 2
68 77 8 5 3
68 78 8 6 2
68 79 9 4 3
68 80 9 5 2
68 81 8 5 3
68 82 7 4 3
68 83 9 6 3
68 84 7 6 1
68 85 9 4 2
68 86 8 6 3
68 87 9 6 2
68 88 8 6 3
68 89 9 6 1
68 90 8 5 2
68 91 9 6 2
68 92 7 5 2
68 93 9 5 1
68 94 8 6 2
68 95 8 4 1
68 96 9 6 1
68 97 8 5 2
68 98 9 4 3
68 99 7 5 1
68 100 8 6 1
69 70 7 6 2
69 71 8 6 1
69 72 9 6 1
69 73 7 4 3
69 74 7 6 1
69 75 8 4 2
69 76 7 6 2
69 77 7 5 1
69 78 8 5 3
69 79 8 6 1
69 80 8 5 1
69 81 9 5 2
69 82 9 5 1
69 83 8 4 2
69 84 9 6 1
69 85 7 5 3
69 86 7 5 2
69 87 9 4 3
69 88 9 4 1
69 89 8 4 3
69 90 9 5 1
69 91 7 5 1
69 92 9 5 2
69 93 8 5 1
69 94 8 5 2
69 95 7 5 2
69 96 7 6 3
69 97 8 4 3
69 98 9 6 3
69 99 7 5 3
69 100 9 6 1
70 71 7 5 3
70 72 7 4 1
70 73 8 4 3
70 74 9 6 1
70 75 9 6 3
70 76 8 6 3
70 77 9 6 1
70 78 7 6 3
70 79 8 5 3
70 80 9 6 3
70 81 8 5 3
70 82 7 5 1
70 83 7 4 1
70 84 7 6 2
70 85 8 4 3
70 86 7 6 2
70 87 7 6 1
70 88 7 5 3
70 89 9 5 1
70 90 7 6 1
70 91 9 6 1
70 92 8 5 1
70 93 7 4 1
70 94 7 6 1
70 95 9 5 2
70 96 7 5 2
70 97 9 4 1
70 98 7 4 3
70 99 9 4 2
70 100 9 5 2
71 72 9 5 3
71 73 7 4 3
71 74 9 6 1
71 75 8 5 1
71 76 9 5 1
71 77 9 4 2
71 78 7 4 2
71 79 7 5 2
71 80 9 4 1
71 81 8 5 3
71 82 7 4 2
71 83 7 6 2
71 84 7 6 1
71 85 9 5 2
71 86 7 6 1
71 87 7 5 2
71 88 7 5 1
71 89 9 4 3
71 90 7 4 1
71 91 8 6 1
71 92 7 6 3
71 93 7 6 2
71 94 8 5 2
71 95 9 4 1
71 96 8 5 3
71 97 8 5 2
71 98 7 5 3
71 99 7 5 1
71 100 7 5 3
72 73 8 5 2
72 74 8 4 3
72 75 7 6 1
72 76 9 6 1
72 77 9 4 2
72 78 7 6 2
72 79 8 4 3
72 80 9 4 2
72 81 7 5 2
72 82 8 4 2
72 83 7 4 2
72 84 7 4 3
72 85 7 6 3
72 86 9 6 3
72 87 7 6 2
72 88 8 6 1
72 89 8 6 1
72 90 9 6 1
72 91 8 6 1
72 92 8 6 2
72 93 8 4 2
72 94 9 6 3
72 95 7 5 2
72 96 8 4 3
72 97 7 6 1
72 98 7 5 1
72 99 9 6 3
72 100 8 4 3
73 74 9 6 1
73 75 9 4 1
73 76 7 4 2
73 77 8 5 1
73 78 8 6 1
73 79 9 6 2
73 80 8 6 2
73 81 9 6 3
73 82 8 6 3
73 83 9 5 1
73 84 8 5 2
73 85 7 4 3
73 86 8 4 3
73 87 8 6 2
73 88 8 4 1
73 89 8 5 1
73 90 9 6 1
73 91 7 5 2
73 92 9 6 1
73 93 7 5 1
73 94 9 4 2
73 95 7 4 1
73 96 8 4 3
73 97 7 4 1
73 98 7 5 1
73 99 8 4 3
73 100 8 6 3
74 75 9 4 2
74 76 7 4 1
74 77 7 4 1
74 78 9 6 2
74 79 8 5 2
74 80 9 5 1
74 81 8 5 3
74 82 8 6 3
74 83 9 6 3
74 84 9 6 3
74 85 9 6 3
74 86 8 6 2
74 87 8 6 2
74 88 7 5 1
74 89 7 6 1
74 90 9 5 2
74 91 7 4 2
74 92 7 5 3
74 93 8 6 2
74 94 8 4 1
74 95 9 4 1
74 96 8 6 1
74 97 9 5 2
74 98 9 6 2
74 99 7 4 1
74 100 7 6 2
75 76 7 5 2
75 77 7 4 1
75 78 8 5 1
75 79 8 6 1
75 80 7 4 1
75 81 7 6 3
75 82 8 6 3
75 83 7 4 1
75 84 7 4 1
75 85 9 6 2
75 86 7 5 3
75 87 7 6 2
75 88 8 6 3
75 89 7 6 3
75 90 9 5 2
75 91 9 5 2
75 92 7 4 1
75 93 9 6 3
75 94 8 6 3
75 95 7 5 3
75 96 7 5 3
75 97 8 6 2
75 98 9 5 1
75 99 8 5 3
75 100 7 4 1
76 77 9 5 1
76 78 7 6 1
76 79 7 4 1
76 80 8 5 1
76 81 9 4 2
76 82 8 4 3
76 83 8 6 2
76 84 8 6 3
76 85 8 5 1
76 86 8 4 3
76 87 7 4 1
76 88 9 4 2
76 89 9 4 1
76 90 8 6 1
76 91 9 5 1
76 92 8 4 2
76 93 9 6 2
76 94 7 4 2
76 95 7 6 3
76 96 8 4 1
76 97 9 4 1
76 98 8 6 1
76 99 8 4 2
76 100 8 6 2
77 78 9 6 3
77 79 7 5 1
77 80 7 5 3
77 81 7 4 1
77 82 9 4 2
77 83 8 5 3
77 84 9 5 1
77 85 9 5 1
77 86 7 4 2
77 87 9 6 3
77 88 7 4 1
77 89 9 6 2
77 90 8 5 1
77 91 9 5 3
77 92 9 5 2
77 93 8 5 2
77 94 8 6 3
77 95 8 6 1
77 96 9 6 1
77 97 9 6 2
77 98 8 6 3
77 99 7 4 2
77 100 7 6 3
78 79 7 5 2
78 80 7 5 2
78 81 7 6 2
78 82 7 5 1
78 83 8 4 2
78 84 9 4 2
78 85 9 4 3
78 86 7 4 3
78 87 9 4 2
78 88 9 5 1
78 89 7 4 1
78 90 8 6 1
78 91 7 6 1
78 92 9 4 1
78 93 7 4 3
78 94 8 4 3
78 95 9 4 3
78 96 7 6 2
78 97 9 6 2
78 98 8 6 3
78 99 8 4 2
78 100 9 4 3
79 80 8 4 2
79 81 8 5 3
79 82 8 6 1
79 83 9 4 1
79 84 8 4 3
79 85 7 4 3
79 86 9 5 2
79 87 9 5 1
79 88 9 5 2
79 89 9 6 3
79 90 8 4 2
79 91 7 5 1
79 92 7 6 1
79 93 7 5 2
79 94 8 6 2
79 95 7 5 1
79 96 9 6 2
79 97 9 4 2
79 98 8 6 1
79 99 7 6 2
79 100 8 5 3
80 81 8 6 2
80 82 8 6 1
80 83 8 4 1
80 84 9 4 3
80 85 9 6 3
80 86 7 6 3
80 87 8 4 1
80 88 8 5 1
80 89 7 5 3
80 90 9 5 2
80 91 9 4 3
80 92 7 4 1
80 93 7 4 2
80 94 8 5 2
80 95 7 6 2
80 96 8 4 2
80 97 9 5 1
80 98 9 4 3
80 99 7 6 2
80 100 9 6 1
81 82 8 5 1
81 83 7 6 1
81 84 8 5 2
81 85 7 5 1
81 86 9 5 1
81 87 9 5 2
81 88 7 6 3
81 89 9 5 3
81 90 8 5 3
81 91 8 4 2
81 92 8 4 3
81 93 9 4 2
81 94 8 4 3
81 95 8 4 2
81 96 7 4 2
81 97 7 4 3
81 98 7 4 2
81 99 9 4 3
81 100 8 4 3
82 83 8 4 3
82 84 9 5 3
82 85 7 6 3
82 86 8 5 2
82 87 9 4 3
82 88 8 4 2
82 89 8 5 2
82 90 7 4 1
82 91 7 5 3
82 92 8 6 3
82 93 9 4 2
82 94 9 6 1
82 95 9 4 1
82 96 8 6 2
82 97 9 5 3
82 98 9 4 2
82 99 9 6 3
82 100 9 5 1
83 84 9 4 3
83 85 8 6 3
83 86 8 4 3
83 87 9 6 2
83 88 9 4 3
83 89 7 5 2
83 90 9 5 1
83 91 8 6 3
83 92 7 4 1
83 93 9 5 3
83 94 8 6 2
83 95 7 4 1
83 96 7 4 3
83 97 9 6 3
83 98 8 5 1
83 99 8 4 1
83 100 9 4 2
84 85 8 6 1
84 86 8 4 3
84 87 9 5 1
84 88 8 5 2
84 89 7 4 2
84 90 7 6 1
84 91 9 4 3
84 92 8 6 2
84 93 7 4 1
84 94 8 5 2
84 95 9 4 1
84 96 7 5 2
84 97 9 5 3
84 98 8 5 3
84 99 7 5 1
84 100 8 6 2
85 86 7 5 1
85 87 9 4 2
85 88 8 5 2
85 89 9 4 2
85 90 8 6 1
85 91 7 5 1
85 92 9 6 3
85 93 8 5 1
85 94 9 5 1
85 95 7 6 3
85 96 7 5 1
85 97 9 4 3
85 98 9 4 2
85 99 9 6 3
85 100 8 4 3
86 87 8 6 2
86 88 9 6 3
86 89 9 5 3
86 90 9 4 1
86 91 9 5 1
86 92 8 6 3
86 93 9 6 3
86 94 7 4 3
86 95 8 5 3
86 96 7 4 3
86 97 9 4 1
86 98 8 6 3
86 99 9 6 2
86 100 8 4 2
87 88 8 4 3
87 89 9 4 3
87 90 8 4 2
87 91 7 6 1
87 92 8 6 3
87 93 8 5 2
87 94 8 6 3
87 95 9 6 1
87 96 8 6 1
87 97 7 5 3
87 98 9 4 1
87 99 9 5 2
87 100 9 6 2
88 89 8 6 1
88 90 7 6 1
88 91 9 6 3
88 92 8 5 2
88 93 7 6 3
88 94 9 5 2
88 95 9 5 2
88 96 9 4 1
88 97 9 4 1
88 98 9 4 2
88 99 9 5 1
88 100 8 5 1
89 90 7 4 1
89 91 8 4 1
89 92 8 5 2
89 93 8 6 1
89 94 7 5 3
89 95 8 5 2
89 96 7 4 2
89 97 7 4 1
89 98 7 4 1
89 99 7 4 1
89 100 7 6 1
90 91 7 4 1
90 92 7 4 3
90 93 8 4 3
90 94 9 4 3
90 95 7 5 2
90 96 7 6 1
90 97 8 6 3
90 98 7 5 3
90 99 7 5 1
90 100 7 6 1
91 92 9 4 2
91 93 7 6 1
91 94 8 4 1
91 95 9 6 1
91 96 7 5 2
91 97 8 5 1
91 98 8 6 2
91 99 7 4 2
91 100 7 5 2
92 93 8 5 1
92 94 8 4 2
92 95 9 5 3
92 96 9 4 1
92 97 9 5 3
92 98 9 5 2
92 99 9 4 2
92 100 7 4 2
93 94 7 5 3
93 95 8 5 2
93 96 7 6 2
93 97 9 6 3
93 98 7 4 1
93 99 9 6 2
93 100 9 5 1
94 95 9 6 1
94 96 9 4 2
94 97 7 6 2
94 98 7 4 2
94 99 8 4 2
94 100 7 5 3
95 96 9 4 3
95 97 7 5 3
95 98 7 5 3
95 99 8 5 3
95 100 9 6 3
96 97 7 5 2
96 98 8 4 1
96 99 9 5 1
96 100 9 4 2
97 98 7 6 1
97 99 7 5 3
97 100 9 5 2
98 99 7 6 3
98 100 9 6 3
99 100 8 4 3
79 167 134 80 113 116 94 90 55 122 118 165 110 166 185 149 157 164 196 119 71 169 59 100 93 117 57 68 152 111 140 143 96 155 146 98 101 91 56 154 190 176 124 76 69 142 50 66 180 89 123 195 178 145 72 54 75 174 83 95 161 175 138 114 150 85 153 129 73 173 51 130 144 131 137 199 87 126 128 133 187 107 63 99 74 197 189 77 120 105 163 188 82 159 179 136 58 183 156 70
b1=1232 b2=6160 b3=11088