50 1225
1 2 7 4 1
1 3 9 4 3
1 4 9 4 2
1 5 8 4 1
1 6 8 5 1
1 7 7 4 2
1 8 7 4 2
1 9 7 4 1
1 10 7 4 2
1 11 8 5 3
1 12 9 4 1
1 13 8 4 2
1 14 8 6 2
1 15 7 4 2
1 16 9 4 3
1 17 7 4 3
1 18 7 4 3
1 19 7 4 1
1 20 7 6 1
1 21 7 6 3
1 22 7 4 3
1 23 9 6 3
1 24 8 6 3
1 25 7 4 2
1 26 9 6 3
1 27 7 4 3
1 28 7 6 1
1 29 8 4 1
1 30 9 4 1
1 31 8 6 2
1 32 7 4 1
1 33 9 4 1
1 34 8 5 3
1 35 8 5 3
1 36 8 4 3
1 37 8 4 2
1 38 8 4 3
1 39 8 6 1
1 40 8 4 1
1 41 7 6 1
1 42 8 5 2
1 43 8 5 3
1 44 8 5 3
1 45 8 5 3
1 46 9 6 2
1 47 8 6 1
1 48 9 5 2
1 49 7 5 2
1 50 7 5 2
2 3 9 6 3
2 4 7 6 2
2 5 8 4 1
2 6 7 4 1
2 7 7 4 3
2 8 9 5 2
2 9 8 4 2
2 10 8 5 1
2 11 7 5 2
2 12 7 4 2
2 13 7 6 2
2 14 8 6 3
2 15 7 6 3
2 16 7 6 1
2 17 8 6 2
2 18 8 5 2
2 19 7 6 1
2 20 9 6 3
2 21 7 5 3
2 22 8 6 3
2 23 9 4 1
2 24 7 6 1
2 25 8 6 1
2 26 7 4 2
2 27 8 6 1
2 28 7 6 1
2 29 8 5 2
2 30 8 6 3
2 31 9 4 2
2 32 7 4 1
2 33 9 4 3
2 34 8 5 1
2 35 9 5 1
2 36 8 4 2
2 37 9 5 3
2 38 9 4 2
2 39 9 5 2
2 40 9 4 3
2 41 8 6 1
2 42 8 4 1
2 43 8 5 1
2 44 9 4 3
2 45 8 6 2
2 46 7 4 2
2 47 9 6 2
2 48 9 4 3
2 49 8 6 3
2 50 7 6 1
3 4 7 5 2
3 5 8 6 1
3 6 7 5 2
3 7 8 4 2
3 8 7 6 1
3 9 8 5 3
3 10 9 6 1
3 11 9 5 3
3 12 9 4 3
3 13 9 5 2
3 14 8 6 3
3 15 9 6 2
3 16 9 4 2
3 17 7 6 2
3 18 9 6 3
3 19 8 4 2
3 20 8 5 1
3 21 7 4 2
3 22 8 4 1
3 23 7 6 3
3 24 7 5 1
3 25 7 5 2
3 26 7 5 1
3 27 7 5 2
3 28 8 6 1
3 29 8 6 2
3 30 8 6 3
3 31 7 6 3
3 32 8 5 2
3 33 9 5 2
3 34 9 6 2
3 35 7 4 1
3 36 8 5 2
3 37 7 4 3
3 38 9 5 1
3 39 9 6 3
3 40 9 4 3
3 41 8 4 1
3 42 9 6 2
3 43 8 6 2
3 44 9 6 3
3 45 9 6 1
3 46 9 4 3
3 47 7 6 1
3 48 7 6 2
3 49 9 5 1
3 50 8 4 3
4 5 7 6 3
4 6 8 6 2
4 7 7 5 3
4 8 7 5 2
4 9 7 6 2
4 10 9 6 2
4 11 9 6 3
4 12 9 4 1
4 13 9 6 2
4 14 9 5 3
4 15 8 4 2
4 16 7 5 1
4 17 8 6 3
4 18 9 4 2
4 19 7 5 1
4 20 7 5 1
4 21 9 4 1
4 22 8 6 3
4 23 9 6 2
4 24 9 4 2
4 25 7 4 2
4 26 7 6 3
4 27 8 4 1
4 28 9 5 3
4 29 8 5 2
4 30 8 5 1
4 31 8 6 3
4 32 9 6 2
4 33 9 5 2
4 34 9 5 3
4 35 7 4 1
4 36 7 6 1
4 37 7 5 2
4 38 9 6 2
4 39 7 5 3
4 40 7 5 3
4 41 8 5 2
4 42 9 6 1
4 43 7 6 3
4 44 7 4 2
4 45 7 6 2
4 46 8 6 1
4 47 9 5 1
4 48 8 4 1
4 49 9 5 3
4 50 9 4 3
5 6 7 4 3
5 7 8 5 2
5 8 9 4 3
5 9 7 4 3
5 10 8 6 3
5 11 9 6 3
5 12 7 6 3
5 13 8 6 2
5 14 7 4 2
5 15 9 5 2
5 16 9 6 2
5 17 7 5 3
5 18 8 4 2
5 19 9 4 1
5 20 7 6 2
5 21 7 4 3
5 22 8 5 1
5 23 9 5 2
5 24 7 6 1
5 25 8 4 2
5 26 7 6 3
5 27 7 4 1
5 28 8 5 2
5 29 7 6 1
5 30 9 4 1
5 31 9 6 1
5 32 9 4 3
5 33 8 6 2
5 34 9 5 2
5 35 7 4 1
5 36 9 4 3
5 37 7 6 1
5 38 8 4 2
5 39 9 6 3
5 40 7 4 2
5 41 7 5 1
5 42 8 4 3
5 43 9 5 3
5 44 8 5 3
5 45 7 6 3
5 46 9 4 3
5 47 7 4 3
5 48 8 6 1
5 49 7 5 2
5 50 9 6 1
6 7 9 5 1
6 8 9 6 1
6 9 9 6 3
6 10 9 4 2
6 11 9 6 1
6 12 8 6 2
6 13 8 5 2
6 14 8 6 1
6 15 9 5 1
6 16 7 4 1
6 17 7 6 2
6 18 9 5 2
6 19 8 4 3
6 20 8 5 2
6 21 7 5 2
6 22 8 4 2
6 23 8 4 3
6 24 7 4 1
6 25 9 5 1
6 26 7 5 1
6 27 7 4 3
6 28 8 5 1
6 29 9 6 2
6 30 8 6 3
6 31 8 4 2
6 32 7 6 1
6 33 8 5 1
6 34 7 4 2
6 35 8 5 3
6 36 7 5 3
6 37 9 5 2
6 38 8 6 1
6 39 7 4 3
6 40 8 5 1
6 41 8 4 2
6 42 9 4 1
6 43 8 6 1
6 44 8 6 3
6 45 7 6 1
6 46 7 5 1
6 47 7 5 1
6 48 9 4 1
6 49 7 5 2
6 50 7 5 1
7 8 9 5 1
7 9 9 5 2
7 10 8 5 2
7 11 7 6 2
7 12 7 6 2
7 13 9 6 1
7 14 7 6 2
7 15 8 4 2
7 16 7 4 2
7 17 8 5 2
7 18 9 6 1
7 19 9 6 2
7 20 7 5 1
7 21 9 4 1
7 22 7 5 1
7 23 8 5 1
7 24 8 6 1
7 25 9 5 3
7 26 8 4 2
7 27 9 4 3
7 28 8 4 2
7 29 8 4 2
7 30 7 4 2
7 31 7 6 3
7 32 8 6 3
7 33 7 6 3
7 34 9 4 2
7 35 9 5 1
7 36 8 6 2
7 37 7 6 1
7 38 7 6 1
7 39 7 5 1
7 40 8 5 2
7 41 7 5 1
7 42 8 6 2
7 43 7 4 1
7 44 7 5 2
7 45 8 4 1
7 46 7 5 3
7 47 7 5 1
7 48 9 5 2
7 49 8 4 2
7 50 8 6 3
8 9 8 4 1
8 10 7 4 2
8 11 8 4 2
8 12 8 4 3
8 13 8 5 3
8 14 9 6 3
8 15 8 4 2
8 16 9 5 1
8 17 8 4 3
8 18 9 4 2
8 19 7 6 2
8 20 7 5 3
8 21 8 4 1
8 22 9 5 2
8 23 7 6 2
8 24 7 5 3
8 25 8 6 1
8 26 8 4 3
8 27 7 4 1
8 28 9 6 1
8 29 7 5 1
8 30 9 6 1
8 31 8 6 2
8 32 7 4 1
8 33 8 6 3
8 34 7 6 1
8 35 9 6 1
8 36 8 6 3
8 37 8 4 1
8 38 9 4 2
8 39 7 6 2
8 40 9 4 3
8 41 9 6 3
8 42 7 6 3
8 43 7 4 3
8 44 7 6 1
8 45 7 6 2
8 46 8 4 1
8 47 9 6 2
8 48 7 6 3
8 49 7 6 2
8 50 8 5 2
9 10 9 5 1
9 11 7 6 2
9 12 7 5 3
9 13 8 5 3
9 14 8 5 3
9 15 8 5 3
9 16 9 6 3
9 17 7 6 3
9 18 9 6 2
9 19 7 6 3
9 20 7 6 1
9 21 8 4 2
9 22 9 4 1
9 23 7 4 2
9 24 8 6 3
9 25 9 6 1
9 26 7 4 1
9 27 9 4 3
9 28 9 4 3
9 29 7 5 1
9 30 8 4 2
9 31 7 6 3
9 32 8 6 1
9 33 9 5 1
9 34 8 6 3
9 35 8 6 1
9 36 7 4 2
9 37 7 4 3
9 38 8 6 1
9 39 8 6 1
9 40 7 5 3
9 41 7 4 2
9 42 9 4 1
9 43 8 4 3
9 44 9 5 3
9 45 8 4 3
9 46 9 4 3
9 47 9 6 1
9 48 9 6 1
9 49 8 5 2
9 50 9 5 1
10 11 9 4 1
10 12 7 5 1
10 13 9 5 1
10 14 8 6 2
10 15 9 6 1
10 16 8 6 3
10 17 7 5 2
10 18 9 5 1
10 19 9 5 2
10 20 8 6 1
10 21 8 5 2
10 22 8 4 1
10 23 9 5 3
10 24 7 4 1
10 25 9 6 2
10 26 7 5 2
10 27 7 6 3
10 28 8 4 3
10 29 8 6 1
10 30 8 6 3
10 31 9 4 3
10 32 9 4 3
10 33 7 4 1
10 34 7 4 3
10 35 7 4 1
10 36 7 6 3
10 37 8 4 2
10 38 8 6 1
10 39 7 4 1
10 40 9 4 2
10 41 7 4 2
10 42 9 5 3
10 43 9 5 1
10 44 8 4 2
10 45 8 6 3
10 46 9 4 2
10 47 7 6 2
10 48 7 5 2
10 49 9 4 2
10 50 8 6 2
11 12 8 4 3
11 13 9 6 3
11 14 9 6 2
11 15 7 6 3
11 16 8 5 1
11 17 9 4 1
11 18 9 6 3
11 19 8 6 1
11 20 7 6 2
11 21 7 5 2
11 22 7 5 2
11 23 9 5 1
11 24 7 5 1
11 25 8 6 3
11 26 7 6 2
11 27 7 5 1
11 28 7 4 1
11 29 7 4 1
11 30 8 5 2
11 31 7 5 3
11 32 7 4 3
11 33 7 5 2
11 34 9 5 2
11 35 9 6 3
11 36 8 4 3
11 37 9 4 3
11 38 9 6 1
11 39 8 4 1
11 40 8 6 3
11 41 9 6 2
11 42 9 5 3
11 43 7 4 1
11 44 7 4 3
11 45 8 4 2
11 46 9 6 3
11 47 7 5 3
11 48 7 4 2
11 49 9 6 2
11 50 7 5 3
12 13 9 6 1
12 14 9 5 1
12 15 8 4 1
12 16 7 6 1
12 17 9 6 3
12 18 9 6 3
12 19 9 5 1
12 20 9 5 1
12 21 9 5 2
12 22 8 4 2
12 23 7 4 2
12 24 9 6 3
12 25 8 6 3
12 26 9 4 3
12 27 7 5 1
12 28 9 6 2
12 29 7 6 2
12 30 9 6 2
12 31 9 5 3
12 32 9 4 1
12 33 7 4 2
12 34 8 4 2
12 35 9 4 1
12 36 9 6 3
12 37 9 4 1
12 38 7 6 1
12 39 7 6 2
12 40 9 6 1
12 41 7 5 1
12 42 7 6 2
12 43 8 5 2
12 44 8 6 3
12 45 7 5 3
12 46 9 4 2
12 47 9 6 1
12 48 8 5 1
12 49 7 4 3
12 50 8 5 1
13 14 8 4 2
13 15 7 6 3
13 16 7 4 3
13 17 7 6 3
13 18 8 4 2
13 19 7 5 3
13 20 9 4 3
13 21 9 4 1
13 22 8 6 2
13 23 8 6 2
13 24 8 6 3
13 25 8 4 2
13 26 8 5 3
13 27 7 4 2
13 28 9 6 2
13 29 8 5 1
13 30 8 6 3
13 31 7 4 1
13 32 7 5 3
13 33 9 5 2
13 34 7 6 3
13 35 8 5 2
13 36 8 6 2
13 37 8 6 1
13 38 9 5 3
13 39 7 6 3
13 40 7 4 2
13 41 9 5 1
13 42 7 4 2
13 43 8 6 2
13 44 8 4 3
13 45 8 5 1
13 46 8 4 1
13 47 9 6 2
13 48 9 5 1
13 49 7 5 3
13 50 8 6 2
14 15 8 4 3
14 16 8 6 1
14 17 8 4 1
14 18 9 4 2
14 19 7 6 3
14 20 9 5 1
14 21 8 4 1
14 22 9 6 2
14 23 7 6 3
14 24 7 6 2
14 25 9 5 3
14 26 8 5 3
14 27 9 6 3
14 28 9 4 2
14 29 8 5 1
14 30 8 4 1
14 31 9 5 3
14 32 9 6 1
14 33 7 6 1
14 34 8 4 3
14 35 7 4 2
14 36 9 5 1
14 37 9 4 2
14 38 8 6 2
14 39 7 5 2
14 40 9 4 3
14 41 9 4 1
14 42 9 5 1
14 43 8 4 3
14 44 8 4 3
14 45 8 6 3
14 46 9 4 3
14 47 8 6 3
14 48 8 4 3
14 49 9 6 1
14 50 9 6 1
15 16 8 6 1
15 17 7 6 1
15 18 7 6 2
15 19 8 4 3
15 20 8 4 3
15 21 9 6 1
15 22 7 6 3
15 23 9 4 1
15 24 8 6 1
15 25 7 4 2
15 26 9 4 3
15 27 9 4 2
15 28 7 5 2
15 29 7 5 2
15 30 8 6 1
15 31 9 4 1
15 32 7 6 3
15 33 8 5 1
15 34 8 5 3
15 35 8 6 3
15 36 8 5 2
15 37 9 4 1
15 38 7 4 3
15 39 8 6 1
15 40 8 5 3
15 41 8 6 1
15 42 7 6 3
15 43 7 6 3
15 44 9 4 3
15 45 9 4 1
15 46 8 6 3
15 47 7 5 3
15 48 8 6 3
15 49 9 4 2
15 50 9 5 3
16 17 7 6 3
16 18 8 4 3
16 19 9 6 1
16 20 9 4 3
16 21 7 5 3
16 22 9 5 1
16 23 9 6 1
16 24 8 6 1
16 25 9 6 2
16 26 7 6 2
16 27 8 4 3
16 28 9 4 2
16 29 9 5 3
16 30 7 4 3
16 31 9 4 3
16 32 8 4 1
16 33 7 5 3
16 34 8 5 2
16 35 7 5 3
16 36 7 5 3
16 37 8 4 2
16 38 9 4 1
16 39 7 5 3
16 40 9 5 2
16 41 9 4 2
16 42 7 5 2
16 43 9 6 1
16 44 9 5 1
16 45 9 4 3
16 46 7 4 2
16 47 7 5 1
16 48 9 5 3
16 49 9 5 1
16 50 7 6 3
17 18 8 6 1
17 19 8 5 1
17 20 8 6 2
17 21 7 4 1
17 22 7 5 2
17 23 9 5 1
17 24 9 4 3
17 25 7 5 1
17 26 8 4 3
17 27 9 4 1
17 28 8 4 3
17 29 9 6 3
17 30 9 5 2
17 31 7 4 1
17 32 9 6 3
17 33 7 5 1
17 34 7 5 3
17 35 7 6 3
17 36 7 4 3
17 37 9 4 2
17 38 9 4 3
17 39 8 4 1
17 40 8 4 2
17 41 8 4 1
17 42 7 6 1
17 43 8 6 3
17 44 7 4 1
17 45 8 6 1
17 46 9 6 1
17 47 8 6 3
17 48 8 4 1
17 49 7 6 3
17 50 8 5 1
18 19 9 4 3
18 20 7 6 1
18 21 9 6 2
18 22 7 5 3
18 23 9 4 2
18 24 9 6 2
18 25 8 6 2
18 26 7 4 3
18 27 7 4 1
18 28 9 4 3
18 29 7 5 3
18 30 7 5 3
18 31 7 5 1
18 32 8 5 3
18 33 7 4 1
18 34 8 6 2
18 35 9 4 2
18 36 9 6 2
18 37 8 5 1
18 38 9 6 2
18 39 7 4 2
18 40 7 6 2
18 41 8 4 2
18 42 8 4 2
18 43 7 4 3
18 44 7 6 1
18 45 8 5 3
18 46 7 6 3
18 47 8 6 2
18 48 7 5 2
18 49 8 4 2
18 50 8 6 2
19 20 8 5 3
19 21 8 6 1
19 22 7 5 3
19 23 8 4 2
19 24 7 5 1
19 25 9 4 2
19 26 8 4 3
19 27 7 6 3
19 28 7 5 1
19 29 9 5 3
19 30 7 4 1
19 31 9 4 3
19 32 8 5 3
19 33 8 6 2
19 34 8 6 3
19 35 8 4 1
19 36 7 6 1
19 37 9 6 2
19 38 8 5 2
19 39 7 6 2
19 40 9 4 1
19 41 8 5 3
19 42 8 6 2
19 43 7 5 2
19 44 9 4 1
19 45 9 4 1
19 46 8 6 1
19 47 8 5 3
19 48 8 4 1
19 49 9 5 3
19 50 8 4 1
20 21 8 6 2
20 22 9 5 3
20 23 7 5 1
20 24 9 5 1
20 25 9 6 3
20 26 8 5 2
20 27 7 4 1
20 28 7 4 1
20 29 8 4 2
20 30 9 6 1
20 31 9 6 1
20 32 7 5 2
20 33 7 6 3
20 34 7 6 2
20 35 9 4 2
20 36 9 6 3
20 37 8 5 3
20 38 8 6 2
20 39 7 4 1
20 40 8 4 2
20 41 9 6 2
20 42 9 4 2
20 43 8 4 1
20 44 7 6 2
20 45 8 5 2
20 46 9 4 1
20 47 9 6 1
20 48 8 5 2
20 49 8 5 1
20 50 9 6 3
21 22 7 4 3
21 23 7 5 1
21 24 9 6 1
21 25 7 5 1
21 26 9 6 2
21 27 7 4 3
21 28 8 4 3
21 29 7 5 3
21 30 7 4 3
21 31 7 6 2
21 32 7 6 2
21 33 9 4 2
21 34 8 4 2
21 35 9 5 1
21 36 7 6 2
21 37 7 6 2
21 38 9 5 2
21 39 9 6 2
21 40 8 4 2
21 41 7 6 1
21 42 8 4 2
21 43 7 6 1
21 44 9 5 3
21 45 9 6 3
21 46 8 5 2
21 47 8 6 2
21 48 9 5 1
21 49 8 4 3
21 50 9 4 1
22 23 7 5 2
22 24 9 6 1
22 25 9 4 1
22 26 8 6 3
22 27 9 5 2
22 28 8 6 1
22 29 7 4 2
22 30 9 6 2
22 31 7 4 2
22 32 7 4 2
22 33 7 5 1
22 34 7 4 2
22 35 7 5 2
22 36 9 5 3
22 37 8 5 2
22 38 7 5 1
22 39 9 4 3
22 40 8 4 1
22 41 9 6 3
22 42 7 4 2
22 43 7 6 2
22 44 8 6 2
22 45 8 6 2
22 46 9 4 3
22 47 7 5 1
22 48 8 5 1
22 49 9 5 2
22 50 7 4 1
23 24 7 6 1
23 25 9 4 2
23 26 8 5 2
23 27 8 6 1
23 28 9 5 1
23 29 8 4 1
23 30 8 6 3
23 31 9 6 1
23 32 8 6 3
23 33 8 6 1
23 34 7 4 1
23 35 7 6 2
23 36 7 4 1
23 37 9 6 1
23 38 7 4 1
23 39 8 6 3
23 40 9 6 1
23 41 9 4 2
23 42 8 5 3
23 43 7 4 3
23 44 9 5 2
23 45 7 5 3
23 46 9 6 2
23 47 8 5 2
23 48 9 5 2
23 49 7 5 1
23 50 8 5 3
24 25 8 4 1
24 26 7 6 1
24 27 9 4 2
24 28 9 5 2
24 29 8 4 1
24 30 9 4 2
24 31 7 5 3
24 32 7 6 2
24 33 9 5 3
24 34 7 5 2
24 35 9 4 1
24 36 9 5 1
24 37 9 4 1
24 38 9 5 1
24 39 9 4 2
24 40 8 4 2
24 41 8 6 2
24 42 9 4 3
24 43 7 4 1
24 44 9 5 1
24 45 8 5 2
24 46 7 4 1
24 47 7 6 1
24 48 7 5 3
24 49 9 6 2
24 50 7 6 3
25 26 7 4 2
25 27 7 5 1
25 28 8 4 3
25 29 8 6 1
25 30 9 5 1
25 31 9 6 1
25 32 7 4 1
25 33 7 4 3
25 34 9 4 1
25 35 9 5 2
25 36 8 5 1
25 37 9 6 3
25 38 7 4 2
25 39 7 4 1
25 40 7 5 2
25 41 7 5 3
25 42 8 6 1
25 43 7 4 1
25 44 7 6 2
25 45 9 4 3
25 46 9 5 2
25 47 9 6 2
25 48 7 4 1
25 49 7 5 2
25 50 9 5 1
26 27 9 5 2
26 28 8 6 3
26 29 9 6 2
26 30 9 6 1
26 31 7 5 2
26 32 7 4 3
26 33 7 4 3
26 34 8 4 2
26 35 7 6 3
26 36 8 6 3
26 37 8 6 1
26 38 8 5 1
26 39 7 4 1
26 40 7 6 1
26 41 7 5 1
26 42 8 4 1
26 43 7 5 2
26 44 8 6 1
26 45 7 4 3
26 46 9 5 2
26 47 8 4 1
26 48 9 4 2
26 49 9 6 3
26 50 7 5 1
27 28 8 4 1
27 29 7 6 3
27 30 7 4 2
27 31 9 5 3
27 32 8 5 2
27 33 9 6 2
27 34 8 4 3
27 35 8 4 3
27 36 8 5 2
27 37 8 4 2
27 38 9 6 1
27 39 8 6 1
27 40 8 4 3
27 41 9 5 3
27 42 9 6 1
27 43 7 6 1
27 44 7 5 2
27 45 9 5 3
27 46 8 4 1
27 47 9 6 1
27 48 7 6 1
27 49 7 5 2
27 50 8 6 3
28 29 7 4 3
28 30 9 4 3
28 31 9 6 2
28 32 7 5 1
28 33 9 5 3
28 34 9 6 3
28 35 8 4 1
28 36 8 4 3
28 37 8 5 3
28 38 8 4 3
28 39 7 4 1
28 40 8 5 3
28 41 8 4 2
28 42 8 5 3
28 43 7 6 2
28 44 8 6 1
28 45 7 6 2
28 46 9 6 2
28 47 8 6 2
28 48 8 6 2
28 49 8 6 2
28 50 7 4 3
29 30 9 4 1
29 31 7 4 2
29 32 9 5 3
29 33 7 4 2
29 34 7 4 2
29 35 9 4 3
29 36 9 4 3
29 37 9 4 3
29 38 9 4 2
29 39 8 5 3
29 40 7 5 1
29 41 7 5 3
29 42 8 6 3
29 43 7 6 1
29 44 7 5 1
29 45 7 4 1
29 46 9 5 1
29 47 8 5 2
29 48 9 5 1
29 49 8 5 2
29 50 7 5 3
30 31 7 5 2
30 32 9 6 2
30 33 7 5 3
30 34 9 5 2
30 35 9 6 2
30 36 7 6 3
30 37 9 4 2
30 38 7 4 1
30 39 9 4 1
30 40 8 5 2
30 41 8 5 2
30 42 8 6 2
30 43 9 5 3
30 44 9 4 2
30 45 8 4 3
30 46 9 4 1
30 47 9 6 3
30 48 8 4 3
30 49 8 4 1
30 50 9 5 1
31 32 7 6 1
31 33 7 4 3
31 34 7 4 3
31 35 7 4 1
31 36 9 6 2
31 37 9 4 3
31 38 8 4 2
31 39 8 5 2
31 40 7 5 1
31 41 9 4 2
31 42 8 4 3
31 43 9 4 3
31 44 8 5 2
31 45 8 5 3
31 46 9 4 2
31 47 9 5 1
31 48 8 6 3
31 49 7 4 2
31 50 7 5 2
32 33 9 4 1
32 34 7 5 2
32 35 7 4 1
32 36 9 6 1
32 37 7 6 3
32 38 8 6 3
32 39 7 6 1
32 40 9 4 2
32 41 9 6 1
32 42 9 4 1
32 43 8 4 2
32 44 7 5 2
32 45 8 5 3
32 46 9 6 3
32 47 7 4 1
32 48 9 5 2
32 49 9 5 1
32 50 9 5 2
33 34 7 5 2
33 35 9 6 2
33 36 9 4 3
33 37 8 4 1
33 38 7 6 3
33 39 7 5 1
33 40 7 4 1
33 41 8 5 1
33 42 9 6 3
33 43 7 4 1
33 44 7 6 1
33 45 7 6 1
33 46 9 6 3
33 47 8 6 1
33 48 8 6 3
33 49 8 5 2
33 50 7 4 1
34 35 8 4 3
34 36 9 4 1
34 37 8 6 2
34 38 7 5 1
34 39 7 4 2
34 40 7 6 1
34 41 8 5 2
34 42 7 4 3
34 43 8 4 3
34 44 9 4 3
34 45 8 4 3
34 46 8 6 1
34 47 7 5 1
34 48 9 6 2
34 49 7 5 3
34 50 8 4 3
35 36 7 5 1
35 37 9 5 3
35 38 9 5 3
35 39 9 4 2
35 40 7 6 2
35 41 9 4 2
35 42 8 6 2
35 43 8 5 2
35 44 7 5 2
35 45 9 6 1
35 46 8 6 2
35 47 7 4 1
35 48 7 4 2
35 49 8 5 2
35 50 7 5 3
36 37 7 6 3
36 38 7 5 1
36 39 9 5 3
36 40 9 6 3
36 41 9 5 1
36 42 9 5 2
36 43 7 5 2
36 44 8 5 3
36 45 8 5 3
36 46 8 4 2
36 47 8 4 2
36 48 7 6 3
36 49 9 4 1
36 50 9 5 1
37 38 9 4 3
37 39 8 5 3
37 40 9 4 2
37 41 8 4 2
37 42 9 5 2
37 43 9 5 3
37 44 9 4 2
37 45 8 5 3
37 46 8 4 1
37 47 9 6 1
37 48 9 5 2
37 49 9 5 3
37 50 9 5 1
38 39 7 4 3
38 40 8 6 2
38 41 9 4 1
38 42 9 5 2
38 43 8 6 1
38 44 7 4 2
38 45 8 6 1
38 46 8 6 3
38 47 9 4 3
38 48 9 4 3
38 49 9 5 1
38 50 8 5 1
39 40 9 5 1
39 41 9 4 2
39 42 9 6 2
39 43 9 6 3
39 44 7 4 2
39 45 8 5 2
39 46 7 4 3
39 47 8 4 1
39 48 9 6 1
39 49 9 6 1
39 50 9 6 1
40 41 8 4 2
40 42 9 5 2
40 43 9 6 3
40 44 7 6 2
40 45 9 6 3
40 46 8 4 2
40 47 8 4 3
40 48 9 5 2
40 49 7 5 1
40 50 9 6 1
41 42 8 6 1
41 43 9 5 2
41 44 9 5 3
41 45 8 6 2
41 46 9 5 1
41 47 9 6 2
41 48 8 5 2
41 49 7 4 2
41 50 7 5 2
42 43 8 6 2
42 44 8 6 2
42 45 7 6 1
42 46 7 5 1
42 47 9 6 3
42 48 9 4 2
42 49 7 6 2
42 50 7 6 3
43 44 9 4 2
43 45 7 5 2
43 46 9 5 1
43 47 8 4 2
43 48 7 5 3
43 49 9 6 2
43 50 7 6 3
44 45 9 5 3
44 46 9 4 2
44 47 8 6 2
44 48 7 4 3
44 49 7 6 2
44 50 7 6 2
45 46 8 6 2
45 47 8 4 1
45 48 9 6 1
45 49 9 5 2
45 50 8 4 3
46 47 8 6 3
46 48 8 5 2
46 49 8 4 1
46 50 8 5 2
47 48 7 4 2
47 49 9 6 1
47 50 7 5 3
48 49 7 4 3
48 50 9 4 2
49 50 8 5 2
95 131 155 176 81 104 183 169 122 116 172 174 147 148 99 180 90 62 145 135 149 74 196 150 97 72 153 71 154 53 140 91 108 50 85 163 190 54 164 56 125 79 84 107 60 126 171 68 157 88
