100 382
0 1 54 28 13
0 16 62 50 28
0 38 59 43 42
0 94 58 29 15
1 2 56 47 29
1 9 58 50 29
1 54 57 39 14
1 57 59 29 5
1 64 59 31 28
1 65 68 62 48
1 67 69 56 47
1 94 67 47 36
2 3 54 48 46
2 23 51 26 2
2 25 52 51 32
2 33 54 29 15
2 43 69 67 51
2 45 68 43 14
2 63 59 30 10
2 64 58 45 34
2 89 67 49 38
2 90 56 46 25
3 4 69 61 56
3 18 50 36 29
3 28 61 53 48
3 35 59 37 11
3 54 58 40 17
3 71 52 31 24
3 87 64 38 33
4 5 52 46 34
4 17 62 36 29
4 35 61 45 40
4 41 68 64 50
4 59 58 54 36
5 6 61 59 32
5 11 62 48 40
5 28 68 60 53
5 58 66 57 50
5 61 54 51 41
5 81 51 22 14
5 91 50 43 35
5 95 69 59 43
5 97 69 48 39
5 98 52 36 22
6 7 58 52 45
6 18 65 36 10
6 19 55 49 38
6 37 54 33 17
6 45 62 42 32
6 50 59 55 34
6 70 61 57 55
6 77 65 41 11
6 97 51 25 18
7 8 58 31 24
7 18 57 56 39
7 66 59 46 44
7 67 63 60 33
8 9 65 48 25
8 22 54 32 14
8 38 60 31 4
8 39 61 41 24
8 66 58 44 40
8 70 64 59 48
8 91 68 38 20
9 10 67 66 53
9 14 54 34 20
9 39 58 33 11
9 75 67 43 31
9 99 65 59 56
10 11 57 55 33
10 45 66 61 44
10 53 59 46 38
10 81 66 48 40
10 92 51 44 28
11 12 69 39 13
11 40 56 51 49
11 53 56 38 14
11 68 61 49 45
11 80 66 48 30
11 91 54 24 4
11 94 55 27 10
12 13 68 53 33
12 18 51 44 18
12 23 51 49 29
12 39 50 42 34
12 44 56 50 25
12 97 69 57 49
13 14 59 39 35
13 16 54 27 9
13 76 64 56 51
13 98 57 34 30
14 15 69 44 41
14 82 57 37 25
14 91 52 39 27
15 16 57 42 24
15 26 55 34 19
15 27 50 28 6
15 54 62 39 34
15 72 50 49 28
15 74 67 59 40
15 75 65 40 24
15 97 58 57 34
16 17 68 61 60
16 34 65 50 41
16 37 66 57 31
16 43 54 46 38
16 56 53 40 12
17 18 53 43 16
17 38 56 26 4
17 62 63 43 24
18 19 57 48 39
18 23 67 58 36
18 49 66 49 44
18 50 51 45 28
18 80 60 57 40
18 84 51 39 37
18 95 57 34 16
19 20 61 34 6
19 44 50 40 16
19 56 58 38 20
19 65 63 59 46
19 71 69 58 36
19 95 63 49 37
20 21 64 44 27
20 38 66 49 27
20 40 66 65 49
20 55 53 50 30
20 88 62 50 26
21 22 64 53 41
21 25 54 25 5
21 27 66 40 30
21 37 55 50 22
21 45 57 49 21
21 51 54 47 32
21 60 63 55 31
21 74 51 49 20
21 84 54 43 39
22 23 69 68 39
22 24 65 53 24
22 26 56 34 4
22 49 64 42 26
22 62 55 27 5
22 66 64 60 48
22 74 54 47 27
22 97 54 27 22
22 99 68 63 36
23 24 63 41 24
23 35 52 40 11
23 82 51 49 41
23 99 63 61 44
24 25 53 29 8
24 34 58 41 11
24 36 57 46 17
24 68 61 51 39
24 72 54 37 8
24 77 64 37 26
25 26 55 36 33
25 27 67 41 40
25 41 67 44 18
25 54 68 41 27
25 73 69 65 54
25 84 62 44 25
25 85 54 32 29
25 87 61 38 30
25 94 69 52 49
26 27 69 64 54
26 70 67 65 54
27 28 57 43 27
27 64 59 40 16
27 86 64 37 30
27 95 59 49 29
28 29 64 55 34
28 55 66 64 37
28 67 65 52 22
28 71 51 50 21
28 74 52 49 38
28 91 57 28 14
28 96 58 48 47
28 99 53 47 41
29 30 63 37 35
29 32 69 52 31
29 38 55 41 31
29 62 60 51 50
29 68 61 37 22
30 31 65 62 44
30 33 61 49 43
30 66 65 60 38
30 90 66 39 16
31 32 53 27 2
31 35 57 42 29
31 49 63 38 17
31 62 63 57 50
31 87 56 40 11
32 33 56 32 18
32 37 60 30 24
32 79 60 35 25
32 97 51 45 28
32 99 61 37 35
33 34 63 60 39
34 35 50 47 20
34 44 63 44 20
34 53 51 23 6
34 84 68 43 24
34 87 52 29 7
35 36 54 35 34
35 46 66 63 45
35 62 59 29 25
35 72 61 45 18
35 74 69 63 44
35 79 67 41 35
35 81 57 54 47
35 91 61 47 17
35 93 56 33 31
36 37 65 63 56
36 63 67 47 42
36 65 58 29 18
37 38 59 52 37
37 74 51 40 14
37 88 62 39 28
38 39 59 38 33
38 71 68 65 42
38 94 57 43 40
39 40 61 38 28
39 59 62 55 50
40 41 60 52 48
40 75 67 56 44
41 42 55 49 38
41 50 65 51 36
41 61 65 35 19
41 82 51 42 37
42 43 57 54 53
42 63 51 30 2
42 95 68 55 27
43 44 62 40 18
44 45 51 41 36
44 49 64 44 16
44 61 67 53 25
44 73 65 46 45
44 88 57 39 18
44 91 60 42 15
45 46 55 32 11
45 65 51 42 28
45 89 54 30 26
46 47 67 56 43
46 59 55 39 29
46 69 68 62 36
47 48 54 37 24
47 54 62 34 11
47 62 65 56 30
47 88 56 35 14
47 96 66 45 23
48 49 59 49 36
48 55 55 44 37
48 61 58 50 33
48 71 56 46 31
48 82 56 42 29
48 93 53 45 44
49 50 63 35 26
49 56 65 63 39
49 87 68 42 35
49 91 57 54 36
50 51 63 42 40
50 56 61 39 37
50 72 64 48 22
50 77 61 40 23
51 52 66 41 16
51 70 66 49 46
51 96 50 26 8
51 97 59 32 19
51 99 56 40 32
52 53 55 45 29
52 66 66 50 48
52 82 52 33 26
52 97 62 34 11
53 54 60 30 1
53 60 55 40 33
53 73 60 55 49
53 81 53 36 29
53 95 57 30 2
54 55 61 53 51
54 58 59 57 49
54 85 57 54 33
55 56 63 33 3
55 58 67 38 27
55 69 61 33 10
55 88 58 48 38
55 95 51 24 12
56 57 51 48 40
56 73 61 58 50
56 77 54 36 8
56 92 69 52 39
56 99 68 51 33
57 58 63 39 24
57 67 62 53 47
57 85 59 35 34
57 88 61 34 15
57 99 58 31 8
58 59 55 53 28
58 70 56 55 47
58 84 68 51 25
58 85 61 35 23
59 60 61 45 23
59 92 58 34 21
59 99 60 48 40
60 61 54 32 26
60 73 53 39 20
61 62 61 59 48
61 64 54 33 14
61 71 55 54 46
61 86 52 42 16
61 94 59 48 31
62 63 56 54 31
62 94 55 30 27
63 64 62 51 42
63 81 59 47 41
63 82 54 47 22
63 98 67 64 34
64 65 60 58 47
64 78 59 30 21
64 91 58 41 27
64 92 65 55 40
65 66 67 51 50
65 72 60 38 31
65 89 57 35 26
66 67 57 27 9
66 70 56 26 0
66 96 59 36 19
67 68 67 39 38
67 69 59 47 29
67 83 51 48 28
67 84 57 49 42
68 69 55 26 20
68 83 50 23 22
69 70 50 44 37
69 73 67 42 15
70 71 67 56 39
70 75 64 35 31
71 72 61 49 23
72 73 69 53 34
73 74 65 56 40
73 78 66 61 53
74 75 63 56 38
74 76 63 34 15
74 80 50 27 3
74 97 59 58 38
75 76 51 44 24
75 98 53 38 34
76 77 50 20 14
76 83 69 57 41
77 78 55 34 32
77 86 55 50 21
77 87 60 41 12
77 93 50 49 31
78 79 62 47 35
78 86 59 46 31
79 80 56 29 7
80 81 50 38 23
80 82 58 30 21
80 97 50 49 32
80 99 59 52 24
81 82 67 52 34
81 88 53 26 24
82 83 68 58 53
83 84 55 47 25
84 85 55 29 11
84 99 66 43 21
85 86 66 38 30
86 87 57 27 2
87 88 55 43 24
88 89 68 42 23
88 92 56 32 5
89 90 51 27 22
90 91 66 37 13
90 99 62 44 16
91 92 52 47 22
92 93 66 43 25
93 94 63 45 35
94 95 65 36 6
95 96 63 39 27
96 97 50 30 15
97 98 55 44 14
98 99 50 33 6
8 4 6 1 4 6 8 2 2 10 5 1 8 9 2 5 1 8 5 8 2 10 2 3 5 7 10 1 7 2 1 4 4 3 5 4 8 5 1 2 5 5 7 7 10 10 9 8 3 5 4 10 8 8 10 1 5 3 3 2 9 8 1 3 5 5 9 7 10 3 7 9 1 7 10 9 1 5 5 7 8 8 6 7 9 3 2 9 4 8 6 9 3 4 9 7 1 9 3 1
