50 186
0 1 56 50 25
0 3 56 29 12
0 19 66 44 16
0 34 74 72 66
0 49 74 71 70
1 2 58 54 27
1 10 55 35 23
1 21 58 47 22
1 22 59 50 41
1 47 73 46 22
2 3 62 59 45
2 11 72 60 34
2 15 58 48 39
2 19 65 39 23
2 25 72 56 36
2 46 71 58 53
2 48 56 46 36
2 49 55 50 35
3 4 71 67 40
3 7 60 39 38
3 9 73 50 29
3 14 65 40 36
3 17 56 46 24
3 23 65 58 31
3 29 60 46 17
3 47 74 61 41
4 5 71 54 28
4 15 70 54 52
4 31 60 57 29
4 32 71 61 49
4 43 72 49 32
4 44 59 55 32
5 6 60 51 43
5 12 56 55 44
5 15 55 54 39
5 34 73 66 53
5 40 64 35 31
6 7 65 49 41
6 8 66 50 25
6 11 64 41 36
6 24 56 42 31
6 30 69 44 23
6 35 61 33 21
6 43 61 37 14
6 46 70 48 38
7 8 60 37 33
7 10 58 35 14
7 16 69 61 43
7 17 65 50 45
7 28 66 36 30
7 45 62 47 28
8 9 55 53 27
8 14 55 47 20
8 15 69 64 42
8 16 62 42 23
8 23 60 39 11
8 25 70 56 45
8 27 74 48 32
8 29 70 54 40
9 10 65 45 37
9 24 70 67 53
9 29 60 36 16
9 34 62 52 26
9 36 69 46 28
10 11 67 40 19
10 13 57 54 37
10 21 70 53 24
10 26 70 55 45
10 28 63 41 32
10 34 73 44 24
10 37 55 45 31
10 41 63 59 56
10 43 58 56 41
10 49 67 61 42
11 12 74 47 44
11 24 58 32 8
11 37 74 62 38
11 45 66 64 44
12 13 68 46 31
12 21 74 49 38
12 36 66 48 40
12 38 66 47 24
12 42 55 31 16
13 14 68 47 26
13 31 69 43 34
13 33 60 31 21
13 40 69 61 44
14 15 59 51 34
14 18 74 48 35
14 40 66 49 27
14 48 61 59 37
15 16 65 54 25
15 33 62 52 45
15 34 63 42 31
15 36 72 50 37
15 45 56 53 48
16 17 69 53 28
16 22 69 56 38
16 29 70 41 13
16 46 67 38 10
17 18 60 39 12
17 26 69 60 32
17 29 62 39 15
17 42 71 45 39
17 48 74 53 29
18 19 60 52 45
18 21 70 59 55
18 34 67 42 20
18 45 64 47 39
18 47 72 43 28
19 20 69 60 35
19 24 70 49 45
19 26 61 41 29
19 28 65 41 25
19 34 66 61 38
19 38 63 43 19
19 40 71 48 30
19 41 66 47 31
19 45 67 42 17
20 21 64 38 9
20 41 62 54 49
20 49 63 42 34
21 22 66 45 21
21 25 62 39 22
21 33 66 40 35
21 34 66 40 28
21 41 66 37 16
22 23 55 37 16
22 31 65 35 31
23 24 55 27 18
23 26 60 41 38
23 27 62 59 57
23 30 56 48 36
23 37 67 66 57
23 43 73 70 52
23 44 64 45 32
24 25 62 42 18
24 32 62 43 25
24 36 71 65 53
24 45 63 41 11
25 26 73 52 34
26 27 71 52 29
27 28 62 52 26
27 31 58 33 16
27 35 70 44 14
27 37 57 34 23
27 40 57 30 27
28 29 60 37 8
28 45 72 65 53
29 30 72 50 27
29 38 71 70 44
29 45 63 38 35
30 31 73 61 56
30 42 70 64 36
31 32 69 45 21
31 34 61 51 38
31 37 64 44 25
32 33 67 55 36
32 40 58 29 17
32 43 58 46 34
33 34 60 58 55
33 48 61 60 40
34 35 71 44 16
34 40 65 60 48
34 41 64 61 40
34 43 74 47 30
35 36 57 52 40
35 38 67 46 32
35 40 59 45 15
36 37 66 50 45
37 38 72 49 38
37 41 58 54 49
37 42 65 42 15
38 39 69 42 28
39 40 69 62 58
40 41 71 54 42
40 46 60 36 7
41 42 62 56 49
41 43 59 40 33
42 43 58 53 47
43 44 72 60 54
44 45 72 53 42
45 46 57 35 14
46 47 56 38 34
47 48 71 56 41
48 49 65 57 45
6
3
1
10
7
2
8
7
3
1
2
5
10
10
8
8
3
5
1
7
2
7
9
6
10
5
4
7
4
4
10
10
6
7
2
9
10
9
3
9
7
10
6
10
9
8
4
5
4
8
